GOES 3                  
1 10953U 78062A   15080.33185454 -.00000104  00000-0  00000+0 0  9993
2 10953  14.2160 340.1128 0003948 140.9160  67.8311  1.00271150 87758
TDRS 3                  
1 19548U 88091B   15079.86458333 -.00000314  00000-0  00000+0 0  9993
2 19548  14.5872  17.0966 0039313 302.9955 106.5921  1.00280805 84210
LEASAT 5                
1 20410U 90002B   15078.56963569 -.00000092  00000-0  00000+0 0  9999
2 20410  11.1707  18.8816 0001927 210.7657 224.1952  1.00272639 77509
SKYNET 4C               
1 20776U 90079A   15080.86259425 -.00000052  00000-0  00000+0 0  9999
2 20776  13.2592  24.6853 0002178 342.2308 121.4647  1.00272864 89781
TDRS 5                  
1 21639U 91054B   15079.80147648  .00000075  00000-0  00000+0 0  9991
2 21639  13.6436  30.5035 0019159 331.9483 296.5404  1.00278443 86540
TDRS 6                  
1 22314U 93003B   15080.42436262 -.00000306  00000-0  00000+0 0  9999
2 22314  13.1088  33.3253 0004931 313.9098 298.2101  1.00276010 81227
INTELSAT 701 (IS-701)   
1 22871U 93066A   15076.36996507 -.00000235  00000-0  00000+0 0  9998
2 22871   2.6110  71.7033 0003845 294.8215 271.7635  1.00272868 78217
NATO 4B                 
1 22921U 93076A   15078.72931610  .00000119  00000-0  00000+0 0  9991
2 22921  11.5121  31.2201 0002273 317.7694 122.9313  1.00271853 77944
INTELSAT 702 (IS-702)   
1 23124U 94034A   15080.03648639  .00000128  00000-0  10000-3 0  9990
2 23124   2.9616  70.1136 0002601 296.5901 217.5404  1.00273266 90208
OPTUS B3                
1 23227U 94055A   15080.58781638 -.00000102  00000-0  00000+0 0  9992
2 23227   6.0398  56.7493 0004281 280.5809 217.2357  1.00271858 75275
ASTRA 1D                
1 23331U 94070A   15079.35579545 -.00000298  00000-0  00000+0 0  9996
2 23331   6.2244  55.9031 0004422 329.9115 212.2081  1.00269869 75040
BRASILSAT B2            
1 23536U 95016A   15077.38454010 -.00000303  00000-0  00000+0 0  9991
2 23536   5.8424  57.6791 0001951 306.9609 246.1965  1.00270606 73160
AMSC 1                  
1 23553U 95019A   15078.25431463 -.00000127  00000-0  00000+0 0  9991
2 23553   8.9138  47.7447 0002239   4.2590 112.6916  1.00272577 73005
TDRS 7                  
1 23613U 95035B   15080.89025188 -.00000216  00000-0  00000+0 0  9991
2 23613  14.4418  24.1444 0023482   9.2283 191.0080  1.00274183 72016
ASTRA 1E                
1 23686U 95055A   15079.62403455  .00000000  00000-0  10000-3 0  9994
2 23686   3.9151  65.9635 0004256 292.3729  67.8870  1.00272124 71015
ECHOSTAR 1              
1 23754U 95073A   15079.35557439 -.00000268  00000-0  10000-3 0  9999
2 23754   0.0115 225.3225 0002363 139.3514 223.7318  1.00271045 70262
ABS-1A                  
1 23768U 96003A   15079.05912623 -.00000039  00000-0  00000+0 0  9996
2 23768   6.9000  54.0184 0002968 317.6539 253.8374  1.00275405 70221
INMARSAT 3-F1           
1 23839U 96020A   15078.62737100 -.00000015  00000-0  00000+0 0  9995
2 23839   2.4009  71.4368 0005326 294.0015 101.7710  1.00273893 69430
ASTRA 1F                
1 23842U 96021A   15079.83637088  .00000111  00000-0  00000+0 0  9994
2 23842   0.0681  49.8277 0003249 309.3879 164.3774  1.00273151 69322
MSAT M1                 
1 23846U 96022A   15080.46254120 -.00000108  00000-0  00000+0 0  9999
2 23846   6.3881  55.7429 0004760 285.9702 256.9245  1.00271010 69283
PALAPA C2               
1 23864U 96030A   15079.80987350 -.00000261  00000-0  10000-3 0  9997
2 23864   4.0587  64.5146 0001425 298.4773 252.6088  1.00271211 69008
INMARSAT 3-F2           
1 24307U 96053A   15080.13669757 -.00000150  00000-0  00000+0 0  9993
2 24307   0.9628  81.9793 0006230 273.2828 216.7999  1.00272339 67860
AMC-1 (GE-1)            
1 24315U 96054A   15079.41055075 -.00000129  00000-0  00000+0 0  9990
2 24315   0.0023 210.9069 0001689 183.4854 188.0033  1.00272019 67846
AFRICASAT-2 (MEASAT-2)  
1 24653U 96063B   15078.59442980 -.00000243  00000-0  00000+0 0  9995
2 24653   6.1368  56.3358 0003889 172.1368 310.3898  1.00273158 67194
EUTELSAT 48A            
1 24665U 96067A   15080.08830667  .00000095  00000-0  10000-3 0  9991
2 24665   4.9265  61.0578 0004732 293.0871 264.2164  1.00269760 67508
INMARSAT 3-F3           
1 24674U 96070A   15080.58996252  .00000012  00000-0  00000+0 0  9997
2 24674   1.8117  75.8942 0005503 277.3620 215.9852  1.00271360 66811
AMC-2 (GE-2)            
1 24713U 97002A   15078.00945506 -.00000250  00000-0  00000+0 0  9992
2 24713   2.7757  70.5400 0005317 278.7398 109.4862  1.00270724 17161
INTELSAT 26 (IS-26)     
1 24732U 97007A   15080.65884638 -.00000029  00000-0  00000+0 0  9994
2 24732   6.1085  56.5724 0003723 319.2877 105.9355  1.00270620 66155
GALAXY 25 (G-25)        
1 24812U 97026A   15079.35519323 -.00000189  00000-0  00000+0 0  9992
2 24812   0.0298 286.9139 0006094 158.6198 126.7265  1.00271456 65177
INMARSAT 3-F4           
1 24819U 97027A   15080.36186019 -.00000313  00000-0  00000+0 0  9994
2 24819   4.3133  62.8204 0005397 277.0734 274.9067  1.00274349 65215
SUPERBIRD-A3            
1 24880U 97036A   15080.40329985 -.00000134  00000-0  00000+0 0  9999
2 24880   5.2486  59.7359 0003316 358.2361  63.3522  1.00398285 64577
ABS-3                   
1 24901U 97042A   15079.70538053  .00000000  00000-0  10000-3 0  9995
2 24901   3.3489  68.5382 0002963 291.8481  68.4952  1.00270316 64385
INTELSAT 5 (IS-5)       
1 24916U 97046A   15080.40329223 -.00000166  00000-0  00000+0 0  9990
2 24916   1.9310  75.3214 0004230 302.8381 102.6032  1.00271431 64467
METEOSAT-7              
1 24932U 97049B   15079.96655563  .00000035  00000-0  00000+0 0  9993
2 24932   9.5409  45.2087 0001163 200.9155 337.6163  1.00268643 64265
AMC-3 (GE-3)            
1 24936U 97050A   15080.07796664 -.00000300  00000-0  10000-3 0  9992
2 24936   0.0379 274.1353 0002115  72.0052 153.1564  1.00269160 64274
NSS-5                   
1 24957U 97053A   15080.83257594  .00000084  00000-0  00000+0 0  9999
2 24957   2.2377  73.6651 0002731 277.8320 177.7521  1.00275673 64078
ECHOSTAR 3              
1 25004U 97059A   15080.35372193 -.00000309  00000-0  10000-3 0  9995
2 25004   0.4772  82.3575 0001634 298.8275 222.8903  1.00271725 63974
JCSAT-1B                
1 25067U 97075A   15079.26975806  .00000000  00000-0  10000-3 0  9997
2 25067   4.0718  64.2221 0004443  11.5873 348.7139  1.00265648 63386
ASTRA 1G                
1 25071U 97076A   15080.01791191  .00000023  00000-0  00000+0 0  9991
2 25071   0.6602  79.0731 0003081 281.8968 243.4986  1.00270667 63365
BRASILSAT B3            
1 25152U 98006A   15079.35521610 -.00000195  00000-0  00000+0 0  9998
2 25152   2.4519  73.0806 0003107 285.2462 215.1108  1.00269932 62763
INMARSAT 3-F5           
1 25153U 98006B   15079.83583727  .00000113  00000-0  00000+0 0  9998
2 25153   0.9496  71.7710 0004538 280.4356 151.3108  1.00273236 62750
EUTELSAT 16B            
1 25237U 98013A   15078.83333333 -.00000254  00000-0  00000+0 0  9991
2 25237   2.7588  71.1528 0007418  74.8762 301.5598  0.98881010 62788
NSS-806                 
1 25239U 98014A   15078.39352236 -.00000305  00000-0  00000+0 0  9995
2 25239   0.0530   8.3228 0004536 346.5889 275.8469  1.00273115 62497
CHINASAT 5A (ZX 5A)     
1 25354U 98033A   15079.88236537 -.00000294  00000-0  00000+0 0  9991
2 25354   0.0178 273.2849 0000889  83.0543 281.3490  1.00268503 66071
THOR III                
1 25358U 98035A   15078.83853199 -.00000063  00000-0  00000+0 0  9994
2 25358   3.9705  64.5106 0001821 313.2780  96.8145  1.00271838 61535
INTELSAT 805 (IS-805)   
1 25371U 98037A   15080.33324095 -.00000313  00000-0  10000-3 0  9990
2 25371   0.0396 100.6102 0002616 259.7442 242.6064  1.00269885 61398
ASTRA 2A                
1 25462U 98050A   15080.01834071  .00000122  00000-0  00000+0 0  9993
2 25462   0.0442 122.8969 0001953 331.2254 118.8578  1.00272273 60611
INTELSAT 7 (IS-7)       
1 25473U 98052A   15080.22869742 -.00000169  00000-0  00000+0 0  9995
2 25473   1.5114  78.3481 0004786 227.3590 296.8378  1.00272033 60477
SIRIUS 3                
1 25492U 98056B   15079.83655021  .00000080  00000-0  00000+0 0  9999
2 25492   5.0595  60.3762 0000905 307.6748 162.3285  1.00273314 60320
AFRISTAR                
1 25515U 98063A   15079.83574579  .00000100  00000-0  00000+0 0  9994
2 25515   1.7054  70.9216 0004362 293.2590 135.6793  1.00272437 60003
INTELSAT 8 (IS-8)       
1 25522U 98065A   15080.40358190 -.00000059  00000-0  00000+0 0  9992
2 25522   0.0388 250.6221 0003099 135.3176 106.9067  1.00272010 59985
EUTELSAT 115 WEST A     
1 25558U 98070A   15080.38848852 -.00000052  00000-0  10000-3 0  9991
2 25558   1.5186  78.0410 0003644 274.8025 210.6676  1.00271372 59873
JCSAT-4A                
1 25630U 99006A   15080.08037645 -.00000182  00000-0  10000-3 0  9993
2 25630   0.6190  84.3081 0001706 270.7425 294.0822  1.00270790 58825
SKYNET 4E               
1 25639U 99009B   15079.09861088  .00000008  00000-0  10000-3 0  9996
2 25639   9.2453  35.3769 0004334 316.0403 227.3857  1.00274198 58845
ASIASAT 3S              
1 25657U 99013A   15080.63749309 -.00000390  00000-0  00000+0 0  9994
2 25657   0.8444  82.2749 0001353 253.3655 190.9327  1.00274646 58655
ASTRA 1H                
1 25785U 99033A   15079.41614385 -.00000297  00000-0  00000+0 0  9993
2 25785   2.2207  74.0306 0002441 235.2225 310.5383  1.00268387 57622
TELKOM 1                
1 25880U 99042A   15079.68008264  .00000000  00000-0  10000-3 0  9997
2 25880   0.0154 159.8204 0001732 226.1896 144.6749  1.00264387 57188
ABS-7                   
1 25894U 99046A   15079.62218600 -.00000389  00000-0  10000-3 0  9998
2 25894   0.0194 151.4388 0002028 236.3832 130.0634  1.00268717 55989
GALAXY 27 (G-27)        
1 25922U 99052A   15079.53904854  .00000000  00000-0  10000-3 0  9999
2 25922   1.5894  77.2465 0005016 254.2359 106.6114  1.00271454 56714
ABS-6                   
1 25924U 99053A   15080.88624806 -.00000148  00000-0  00000+0 0  9997
2 25924   0.0117 279.0585 0002085  76.4338 301.6283  1.00270994 56742
TELSTAR 12 (ORION 2)    
1 25949U 99059A   15080.22773216 -.00000147  00000-0  00000+0 0  9997
2 25949   0.0080 212.5479 0002333 139.3339 253.4980  1.00271698 56401
AMC-4 (GE-4)            
1 25954U 99060A   15080.07796669 -.00000300  00000-0  10000-3 0  9991
2 25954   0.0300  71.8922 0001904 354.9541  72.4667  1.00270751 56314
GALAXY 11 (G-11)        
1 26038U 99071A   15080.35385914 -.00000314  00000-0  10000-3 0  9990
2 26038   0.1057 279.5647 0000384 249.9538  80.7856  1.00270734 55939
HISPASAT 1C             
1 26071U 00007A   15079.30619459 -.00000239  00000-0  00000+0 0  9996
2 26071   0.0513  16.0381 0003038 355.4419 192.3771  1.00270021 55453
SUPERBIRD-B2            
1 26095U 00012A   15080.40341420 -.00000120  00000-0  00000+0 0  9990
2 26095   0.0193 232.2517 0001948 129.7649 123.7966  1.00271690 55290
EXPRESS-A2              
1 26098U 00013A   15080.25099850 -.00000269  00000-0  10000-3 0  9993
2 26098   7.7134  51.2839 0012851 105.2312 257.3985  1.00276258 55008
ASIASTAR                
1 26107U 00016A   15079.18639206  .00000000  00000-0  10000-3 0  9994
2 26107   0.0675 351.5078 0004051  13.1191 344.8481  1.00265158 54965
EUTELSAT 16C            
1 26243U 00019A   15080.73660762  .00000067  00000-0  00000+0 0  9990
2 26243   2.6950  70.8071 0002360 287.6449 100.1229  1.00269965 54658
EUTELSAT 36A            
1 26369U 00028A   15079.96239976  .00000128  00000-0  10000-3 0  9994
2 26369   0.0691   2.7044 0004044 358.6416 199.3335  1.00272971 54300
TDRS 8                  
1 26388U 00034A   15080.00613333 -.00000244  00000-0  00000+0 0  9997
2 26388   6.0366  63.7194 0003036 248.3713 317.2845  1.00264979 54007
ECHOSTAR 6              
1 26402U 00038A   15079.54699385 -.00000171  00000-0  00000+0 0  9995
2 26402   2.6039  71.7113 0001783 300.9891 265.7489  1.00271331 53754
INTELSAT 9 (IS-9)       
1 26451U 00043A   15079.90226326 -.00000296  00000-0  10000-3 0  9999
2 26451   1.9131  75.8321 0002887 293.4248  90.5453  1.00271334 53676
BRASILSAT B4            
1 26469U 00046A   15080.34192345 -.00000239  00000-0  10000-3 0  9991
2 26469   0.0233 208.0870 0002345 163.3291 206.1960  1.00271964 53463
NILESAT 102             
1 26470U 00046B   15080.22847206 -.00000087  00000-0  00000+0 0  9999
2 26470   0.0362 319.6459 0004063  27.1276 266.8516  1.00267389 53465
ASTRA 2B                
1 26494U 00054A   15079.83601259  .00000127  00000-0  00000+0 0  9999
2 26494   0.5439  78.6111 0002527 278.0569 153.6555  1.00269537 53062
AMC-7 (GE-7)            
1 26495U 00054B   15080.56408189  .00000069  00000-0  00000+0 0  9994
2 26495   0.0372 311.8066 0002375  34.2774 258.7085  1.00270538 53109
NSS-11 (AAP-1)          
1 26554U 00059A   15078.78489612  .00000000  00000-0  10000-3 0  9996
2 26554   0.0157 280.1247 0001920 127.0011 160.5034  1.00262371 53015
N-SAT-110 (JCSAT-110)   
1 26559U 00060A   15080.90828692 -.00000379  00000-0  10000-3 0  9995
2 26559   0.0343 269.9118 0000775 264.8794  81.3293  1.00270342 52961
AMC-6 (GE-6)            
1 26580U 00067A   15080.37742292 -.00000287  00000-0  10000-3 0  9996
2 26580   0.0375 312.8993 0002213  55.8732 233.6422  1.00269840 52819
INTELSAT 12 (IS-12)     
1 26590U 00068A   15079.80282249  .00000109  00000-0  00000+0 0  9992
2 26590   0.0243 247.7826 0002762 109.8386 154.3721  1.00271602 52651
INTELSAT 1R (IS-1R)     
1 26608U 00072A   15080.35398874 -.00000310  00000-0  00000+0 0  9996
2 26608   0.0478 313.8946 0001069   2.0320 300.0026  1.00268807 52505
ANIK F1                 
1 26624U 00076A   15080.37942760 -.00000102  00000-0  00000+0 0  9998
2 26624   0.0190 136.7686 0000960 266.2078 164.8674  1.00270664 52565
ASTRA 2D                
1 26638U 00081A   15080.83196610  .00000121  00000-0  00000+0 0  9995
2 26638   2.0691  74.0286 0001067 180.6571 251.8126  1.00268765 52281
AMC-8 (GE-8)            
1 26639U 00081B   15080.35184668  .00000077  00000-0  00000+0 0  9993
2 26639   0.0245 304.6932 0002987  54.1933 167.2910  1.00266769 52164
TURKSAT 2A              
1 26666U 01002A   15080.01878990  .00000118  00000-0  10000-3 0  9999
2 26666   0.0605   7.8288 0004910 347.5142 231.6345  1.00275052 51981
SKYNET 4F               
1 26695U 01005B   15080.15331968 -.00000267  00000-0  10000-3 0  9994
2 26695   7.8281  42.9313 0002695 325.2938 191.2337  1.00266729 51715
EUTELSAT 28A            
1 26719U 01011A   15080.01834061  .00000122  00000-0  10000-3 0  9994
2 26719   0.0668   1.2723 0003953   2.6882 209.3147  1.00273297 51405
XM-1 (ROLL)             
1 26761U 01018A   15077.61283609 -.00000048  00000-0  10000-3 0  9994
2 26761   0.1529 267.3014 0003388 316.2697  57.6165  1.00271717 50821
INTELSAT 10 (IS-10)     
1 26766U 01019A   15079.89925826  .00000099  00000-0  00000+0 0  9996
2 26766   0.0150 109.8767 0001928 258.5268 180.8825  1.00272298 50759
INTELSAT 901 (IS-901)   
1 26824U 01024A   15080.02531042 -.00000169  00000-0  00000+0 0  9996
2 26824   0.0390  37.1871 0003120 326.7450 165.3694  1.00271032 50483
ASTRA 2C                
1 26853U 01025A   15079.20802545  .00000000  00000-0  10000-3 0  9994
2 26853   0.0702 301.5485 0003448  51.9768 286.9444  1.00266306 50428
ARTEMIS                 
1 26863U 01029A   15079.06831836  .00000096  00000-0  00000+0 0  9998
2 26863  11.7021  42.0815 0003428 314.9923 226.2083  1.00273782 51231
INTELSAT 902 (IS-902)   
1 26900U 01039A   15078.62731001  .00000006  00000-0  00000+0 0  9996
2 26900   0.0230 138.0214 0002974 221.8246 104.7906  1.00273508 49602
EUTELSAT 8 WEST A       
1 26927U 01042A   15079.09160440 -.00000094  00000-0  00000+0 0  9992
2 26927   0.0625   8.4284 0005110 349.6897 204.0562  1.00271357 49345
DIRECTV 4S              
1 26985U 01052A   15079.20179503 -.00000138  00000-0  10000-3 0  9994
2 26985   0.0250 121.3902 0002623 274.9496 112.5137  1.00267359 48815
INSAT-3C                
1 27298U 02002A   15079.85063669 -.00000105  00000-0  00000+0 0  9993
2 27298   0.0670  98.1667 0004872 303.1825 156.9162  1.00272219 48199
ECHOSTAR 7              
1 27378U 02006A   15079.55724550 -.00000028  00000-0  00000+0 0  9990
2 27378   0.0284 301.9020 0001450  86.9945 230.6425  1.00273152 47889
INTELSAT 904 (IS-904)   
1 27380U 02007A   15079.67024145  .00000000  00000-0  10000-3 0  9994
2 27380   0.0223  33.2735 0004193  24.9295  60.9464  1.00270691 47927
TDRS 9                  
1 27389U 02011A   15079.16998633 -.00000286  00000-0  10000-3 0  9991
2 27389   3.5499  92.1234 0011563 301.0853 164.4847  1.00268651 49262
JCSAT-2A                
1 27399U 02015A   15078.48659235 -.00000192  00000-0  00000+0 0  9993
2 27399   0.0136 248.6716 0001781 110.4499 146.7484  1.00272017 47499
ASTRA 3A                
1 27400U 02015B   15080.45494003  .00000044  00000-0  00000+0 0  9991
2 27400   2.2420  72.9144 0000975 264.6838 187.9438  1.00270434 47541
INTELSAT 903 (IS-903)   
1 27403U 02016A   15080.86337065 -.00000267  00000-0  00000+0 0  9992
2 27403   0.0322  57.6554 0003252 304.2080  93.4696  1.00270525 47523
NSS-7                   
1 27414U 02019A   15079.10783356 -.00000182  00000-0  00000+0 0  9996
2 27414   0.2056  90.1324 0002539 272.4897 193.4963  1.00271527 47405
DIRECTV 5 (TEMPO 1)     
1 27426U 02023A   15080.20032752 -.00000084  00000-0  10000-3 0  9990
2 27426   0.0035 171.4469 0003014 207.5912 121.3341  1.00272504 47150
INTELSAT 905 (IS-905)   
1 27438U 02027A   15080.59683813 -.00000213  00000-0  00000+0 0  9998
2 27438   0.0624 268.4958 0001915  84.8753  15.7491  1.00270923 46833
EXPRESS-A4              
1 27441U 02029A   15080.22951368 -.00000140  00000-0  00000+0 0  9996
2 27441   4.6152  62.3379 0000139 111.0410  73.6289  1.00271154 46803
GALAXY 3C (G-3C)        
1 27445U 02030A   15078.09826669 -.00000177  00000-0  10000-3 0  9994
2 27445   0.0183  74.1810 0001768 297.1048 105.3354  1.00271046 46765
EUTELSAT 5 WEST A       
1 27460U 02035A   15079.83509784 -.00000071  00000-0  10000-3 0  9998
2 27460   0.0719 351.9379 0004627 357.5065 124.1808  1.00270526 46574
N-STAR C                
1 27461U 02035B   15078.86284656 -.00000332  00000-0  00000+0 0  9994
2 27461   3.0731  69.9557 0002092 279.4379 274.3079  1.00272546 46493
EUTELSAT 8 WEST C       
1 27499U 02038A   15080.22847206 -.00000090  00000-0  00000+0 0  9998
2 27499   0.0601 332.4979 0004677   4.4133 276.2177  1.00270753 46047
ECHOSTAR 8              
1 27501U 02039A   15079.35558200 -.00000269  00000-0  10000-3 0  9991
2 27501   0.0286 258.9686 0002819 120.2009 209.4808  1.00270948 46092
EUTELSAT 12 WEST A      
1 27508U 02040A   15080.08225485 -.00000129  00000-0  00000+0 0  9998
2 27508   0.0680 343.9142 0000663 103.8072 107.6668  1.00268985 46070
METEOSAT-8 (MSG-1)      
1 27509U 02040B   15079.83530366 -.00000004  00000-0  00000+0 0  9999
2 27509   3.3769  61.3922 0001538 186.5714 234.3037  1.00274549 46076
INTELSAT 906 (IS-906)   
1 27513U 02041A   15080.75883787 -.00000013  00000-0  00000+0 0  9996
2 27513   0.0063 283.2210 0003349  80.0934 152.9295  1.00271653 45883
KODAMA (DRTS)           
1 27516U 02042B   15080.72421087 -.00000263  00000-0  00000+0 0  9995
2 27516   3.5223  67.2147 0002279 302.5800 160.5575  1.00272502 45910
KALPANA-1 (METSAT 1)    
1 27525U 02043A   15080.76272984 -.00000105  00000-0  00000+0 0  9995
2 27525   4.9187  61.1548 0012626 219.4251 246.8922  1.00272494 45885
HISPASAT 1D             
1 27528U 02044A   15080.13633929 -.00000244  00000-0  00000+0 0  9994
2 27528   0.0432 320.0350 0005397  25.3597 212.0131  1.00271790 45773
EUTELSAT 33B            
1 27554U 02051A   15079.14923955  .00000129  00000-0  10000-3 0  9997
2 27554   0.0269 250.6607 0000887   6.0159   7.4577  1.00269669 45189
TDRS 10                 
1 27566U 02055A   15080.40400117  .00000057  00000-0  00000+0 0  9990
2 27566   3.5694  62.1668 0008187 218.7472 228.6645  1.00271807 45074
NSS-6                   
1 27603U 02057A   15079.73412054  .00000000  00000-0  10000-3 0  9994
2 27603   0.0152 176.8958 0000970 188.5570 171.6910  1.00264165 44358
NIMIQ 2                 
1 27632U 02062A   15079.35561250 -.00000294  00000-0  00000+0 0  9994
2 27632   0.2987  86.4036 0003977 242.6088 261.1874  1.00536552 44735
INTELSAT 907 (IS-907)   
1 27683U 03007A   15080.85582752 -.00000231  00000-0  00000+0 0  9998
2 27683   0.0071 266.2916 0002750 106.7592  86.5515  1.00270871 44264
INSAT-3A                
1 27714U 03013A   15079.82935529 -.00000285  00000-0  00000+0 0  9998
2 27714   0.0323 126.2258 0004131 290.8643 152.9755  1.00269030 43774
GALAXY 12 (G-12)        
1 27715U 03013B   15080.44399648  .00000031  00000-0  10000-3 0  9998
2 27715   0.0101 183.7422 0001270 175.6541 210.0372  1.00270812 43836
ASIASAT 4               
1 27718U 03014A   15080.70899838 -.00000388  00000-0  00000+0 0  9998
2 27718   0.0026 333.7005 0001491 274.1434 308.3860  1.00274172 43768
HELLAS-SAT 2            
1 27811U 03020A   15080.83225576  .00000124  00000-0  00000+0 0  9992
2 27811   0.0295 151.7341 0003584 206.8620 158.9873  1.00272078 43222
AMC-9 (GE-12)           
1 27820U 03024A   15079.35543716 -.00000243  00000-0  00000+0 0  9993
2 27820   0.0376 293.7215 0003188  79.0492 209.7184  1.00270679 43153
THURAYA-2               
1 27825U 03026A   15078.95621319  .00000109  00000-0  10000-3 0  9996
2 27825   4.1711  25.1384 0004688 327.0257 213.2514  1.00272683 43177
OPTUS C1                
1 27831U 03028B   15080.64760407 -.00000176  00000-0  00000+0 0  9996
2 27831   0.0225 173.9883 0002025 219.5352 174.4032  1.00269469 43158
ECHOSTAR 12 (RAINBOW 1) 
1 27852U 03033A   15080.21363411 -.00000310  00000-0  00000+0 0  9992
2 27852   0.0137 269.7609 0001342 109.0799 175.0921  1.00272067 42816
GALAXY 23 (G-23)        
1 27854U 03034A   15079.05142324  .00000000  00000-0  10000-3 0  9993
2 27854   0.0492  43.0702 0003266 294.0022  97.7589  1.00271485 42453
EUTELSAT 33A            
1 27948U 03043A   15079.83599735  .00000127  00000-0  10000-3 0  9995
2 27948   0.7334  80.4689 0000615 135.1297 294.1658  1.00272586 42152
GALAXY 13 (HORIZONS-1)  
1 27954U 03044A   15079.55704729  .00000021  00000-0  00000+0 0  9991
2 27954   0.0017 190.1792 0000424 266.8704 154.2127  1.00272984 42022
YAMAL 202               
1 28089U 03053A   15079.61541531  .00000093  00000-0  10000-3 0  9992
2 28089   0.0140 258.3348 0002191 108.1068  81.8249  1.00272407 41521
AMOS-2                  
1 28132U 03059A   15080.21944586 -.00000062  00000-0  00000+0 0  9994
2 28132   0.0416 236.7589 0002958 127.8719 248.7830  1.00272207 41219
EXPRESS-AM22 (SESAT 2)  
1 28134U 03060A   15080.01410860  .00000070  00000-0  10000-3 0  9992
2 28134   0.0477 298.0750 0002137 141.0266 157.1600  1.00273092 41135
AMC-10 (GE-10)          
1 28154U 04003A   15080.42075169  .00000060  00000-0  10000-3 0  9995
2 28154   0.0359 317.5947 0002005  28.1614 209.2866  1.00270737 40761
ABS-2I                  
1 28184U 04007A   15079.77327593  .00000013  00000-0  00000+0 0  9992
2 28184   0.0231 202.2630 0000261 236.5867  78.4617  1.00273785 40439
EUTELSAT 7A             
1 28187U 04008A   15080.80583976  .00000019  00000-0  00000+0 0  9997
2 28187   0.0636 353.7909 0002497  13.6386 108.6295  1.00270184 40411
DIRECTV 7S              
1 28238U 04016A   15080.36373633 -.00000026  00000-0  00000+0 0  9990
2 28238   0.0306  52.0098 0002899 308.6090 189.7896  1.00270517 39915
AMC-11 (GE-11)          
1 28252U 04017A   15079.55695582  .00000042  00000-0  00000+0 0  9993
2 28252   0.0386 325.0921 0002417  42.4416 239.6968  1.00272194 39602
INTELSAT 10-02          
1 28358U 04022A   15080.83124191 -.00000039  00000-0  10000-3 0  9994
2 28358   0.0115 186.3527 0001705 261.0589  29.8590  1.00271867 39468
APSTAR 5 (TELSTAR 18)   
1 28364U 04024A   15079.70050361 -.00000321  00000-0  00000+0 0  9993
2 28364   0.0136 228.1277 0002086  96.2678 243.6907  1.00270569 39382
ANIK F2                 
1 28378U 04027A   15080.09252530 -.00000077  00000-0  10000-3 0  9990
2 28378   0.0192  69.9046 0000631 122.1340 268.4582  1.00271419 39180
AMAZONAS 1              
1 28393U 04031A   15080.33324053 -.00000313  00000-0  00000+0 0  9997
2 28393   0.0777  84.6530 0001670 293.0817 225.3938  1.00271908 38953
AMC-15                  
1 28446U 04041A   15078.36147029 -.00000115  00000-0  10000-3 0  9998
2 28446   0.0317 291.7804 0001989  54.5392 215.3411  1.00272500 38200
AMC-16                  
1 28472U 04048A   15080.21242322 -.00000234  00000-0  10000-3 0  9995
2 28472   0.0324 310.8905 0002206  60.6348 158.3253  1.00270048 37646
NSS-10 (AMC-12)         
1 28526U 05003A   15078.43401147 -.00000277  00000-0  10000-3 0  9997
2 28526   0.0433 282.1089 0003344 102.1217 271.2251  1.00270311 37121
XTAR-EUR                
1 28542U 05005A   15080.74102498  .00000123  00000-0  00000+0 0  9995
2 28542   0.0040 147.2489 0001806 187.7600 139.6675  1.00270872 37011
HIMAWARI-6 (MTSAT-1R)   
1 28622U 05006A   15080.64545971 -.00000309  00000-0  00000+0 0  9998
2 28622   0.0152 126.5347 0004335 246.1996 178.3806  1.00271767 36845
XM-3 (RHYTHM)           
1 28626U 05008A   15079.35538381 -.00000233  00000-0  10000-3 0  9998
2 28626   0.0140  61.2299 0000223  15.8406 143.2937  1.00270125 36883
INMARSAT 4-F1           
1 28628U 05009A   15080.63838911 -.00000287  00000-0  10000-3 0  9995
2 28628   2.7506   0.5072 0002524  13.3829 178.2145  1.00270083 36515
EXPRESS-AM2             
1 28629U 05010A   15079.96813166 -.00000163  00000-0  10000-3 0  9990
2 28629   0.6716  83.4678 0001227  61.7357 101.4854  1.00271257 36531
APSTAR 6                
1 28638U 05012A   15080.89459172 -.00000346  00000-0  00000+0 0  9997
2 28638   0.0231 103.6502 0002269 249.6856 281.7804  1.00270607 61247
SPACEWAY 1              
1 28644U 05015A   15080.56548431 -.00000130  00000-0  00000+0 0  9999
2 28644   0.0320 315.3808 0000104 331.9302 352.0707  1.00270941 36349
DIRECTV 8               
1 28659U 05019A   15080.58124720 -.00000143  00000-0  00000+0 0  9996
2 28659   0.0145  93.9921 0003219 266.1342 287.0079  1.00271486 36016
GALAXY 28 (G-28)        
1 28702U 05022A   15076.34853205 -.00000207  00000-0  00000+0 0  9996
2 28702   0.0087 170.2928 0001290 292.5414 108.1654  1.00268830 35667
EXPRESS-AM3             
1 28707U 05023A   15080.83730184 -.00000350  00000-0  00000+0 0  9990
2 28707   0.0077 292.2218 0001420 126.0404 165.1722  1.00271215 35685
THAICOM 4               
1 28786U 05028A   15079.61032199 -.00000390  00000-0  00000+0 0  9991
2 28786   0.0036 166.5557 0002176 206.2128 144.2245  1.00268744 35163
GALAXY 14 (G-14)        
1 28790U 05030A   15078.11118294  .00000011  00000-0  10000-3 0  9998
2 28790   0.0305 316.6239 0002013  23.1428 111.5928  1.00273444 35114
ANIK F1R                
1 28868U 05036A   15080.37942760 -.00000102  00000-0  00000+0 0  9991
2 28868   0.0225  79.0948 0002572 298.7782 189.9706  1.00272335 34986
GALAXY 15 (G-15)        
1 28884U 05041A   15078.15385843  .00000053  00000-0  00000+0 0  9995
2 28884   0.0152 109.2409 0001255 252.3716  97.1009  1.00271619 34475
SYRACUSE 3A             
1 28885U 05041B   15079.19752035  .00000102  00000-0  00000+0 0  9997
2 28885   0.0085 128.0068 0002514 235.8598 291.6177  1.00272381 34591
INMARSAT 4-F2           
1 28899U 05044A   15079.88983587  .00000111  00000-0  00000+0 0  9999
2 28899   2.4269   0.4513 0002076  11.4155 151.6149  1.00271851 34331
TELKOM 2                
1 28902U 05046A   15079.89051311 -.00000390  00000-0  00000+0 0  9998
2 28902   0.0116 194.2630 0001349 176.8302 245.5716  1.00269981 34148
SPACEWAY 2              
1 28903U 05046B   15080.48570226 -.00000154  00000-0  00000+0 0  9995
2 28903   0.0175  72.5166 0000013  42.1959 139.7288  1.00271614 34320
INSAT-4A                
1 28911U 05049A   15079.80637435 -.00000192  00000-0  00000+0 0  9999
2 28911   0.0140 192.9830 0008503  87.4744 270.8341  1.00270560 33912
METEOSAT-9 (MSG-2)      
1 28912U 05049B   15080.10554743  .00000036  00000-0  00000+0 0  9991
2 28912   0.6690  51.3795 0000760 196.8082 337.4010  1.00275895 33924
EUTELSAT 172A (GE-23)   
1 28924U 05052A   15080.40365814 -.00000034  00000-0  10000-3 0  9994
2 28924   0.0734  15.6627 0005646 339.5101 140.7185  1.00272141 33810
ECHOSTAR 10             
1 28935U 06003A   15080.65077256 -.00000083  00000-0  10000-3 0  9994
2 28935   0.0321 305.8601 0001014  86.9262 270.1070  1.00270701 33345
HIMAWARI-7 (MTSAT-2)    
1 28937U 06004A   15080.25099866 -.00000271  00000-0  00000+0 0  9998
2 28937   0.0385 260.3986 0003193 105.9334  47.4495  1.00272494 33235
SPAINSAT                
1 28945U 06007A   15078.12600486 -.00000242  00000-0  00000+0 0  9997
2 28945   0.0297 137.1219 0002885 266.8112 147.7487  1.00268803 33058
EUTELSAT 9A             
1 28946U 06007B   15080.83148584  .00000033  00000-0  10000-3 0  9997
2 28946   0.0574  72.5654 0003652 281.8320 132.9008  1.00271579 33142
JCSAT-5A                
1 29045U 06010A   15080.82613063 -.00000356  00000-0  10000-3 0  9999
2 29045   0.0213 274.4379 0001919  33.9447 300.0631  1.00269633 32776
ASTRA 1KR               
1 29055U 06012A   15080.21665412  .00000092  00000-0  00000+0 0  9991
2 29055   0.0621 279.6784 0005030  14.6762 341.2368  1.00271714 32600
GOES 13                 
1 29155U 06018A   15079.29378435 -.00000275  00000-0  00000+0 0  9994
2 29155   0.3649 265.4441 0005102 145.1509 157.2949  1.00270177 32338
EUTELSAT 113 WEST A     
1 29162U 06020A   15080.38848852 -.00000065  00000-0  00000+0 0  9999
2 29162   0.0169  61.7355 0003493 271.5054 232.1959  1.00272884 32309
THAICOM 5               
1 29163U 06020B   15079.95171888 -.00000148  00000-0  10000-3 0  9996
2 29163   0.0561 267.8709 0004977  28.5346 302.8285  1.00269388 32357
GALAXY 16 (G-16)        
1 29236U 06023A   15080.18986403 -.00000155  00000-0  10000-3 0  9992
2 29236   0.0208 243.4533 0003188 118.2131 146.0470  1.00271540 32091
EUTELSAT HOT BIRD 13B   
1 29270U 06032A   15080.86306801  .00000058  00000-0  00000+0 0  9999
2 29270   0.0934 316.8028 0004966  26.1500 159.7586  1.00270490 31698
JCSAT-3A                
1 29272U 06033A   15080.78613773 -.00000373  00000-0  10000-3 0  9998
2 29272   0.0152 291.3089 0001396  52.8255 245.8140  1.00268750 31591
SYRACUSE 3B             
1 29273U 06033B   15078.83850912 -.00000071  00000-0  10000-3 0  9995
2 29273   0.0129 108.9440 0003961 238.9562 125.7888  1.00271893 31562
KOREASAT 5 (MUGUNGWHA 5)
1 29349U 06034A   15080.89984897 -.00000386  00000-0  10000-3 0  9998
2 29349   0.0253 103.1219 0001508 166.0242 346.9178  1.00270895 31476
ZHONGXING-22A           
1 29398U 06038A   15080.89489352 -.00000340  00000-0  00000+0 0  9997
2 29398   4.3239  63.3172 0001600   8.4031 170.9948  1.00269709 31252
DIRECTV 9S              
1 29494U 06043A   15079.36293402 -.00000141  00000-0  00000+0 0  9998
2 29494   0.0048 196.4485 0003150 164.9108 205.7571  1.00272033 30926
OPTUS D1                
1 29495U 06043B   15079.59220856 -.00000138  00000-0  10000-3 0  9998
2 29495   0.0392  40.6690 0003069 317.8917 192.4241  1.00272314 30965
XM-4 (BLUES)            
1 29520U 06049A   15080.35394255 -.00000051  00000-0  00000+0 0  9993
2 29520   0.0250  51.2952 0000348 158.9736 340.4312  1.00270693 30823
BADR-4                  
1 29526U 06051A   15079.01162528  .00000117  00000-0  10000-3 0  9996
2 29526   0.0554 337.3866 0005642  15.5895 214.3877  1.00271666 30707
FENGYUN 2D              
1 29640U 06053A   15077.97816630 -.00000223  00000-0  10000-3 0  9997
2 29640   2.9076  68.6522 0000844 116.9942  69.2602  1.00269461 30360
WILDBLUE-1              
1 29643U 06054A   15080.09252522 -.00000077  00000-0  10000-3 0  9999
2 29643   0.0156 199.9767 0001238 158.8790 101.5554  1.00271823 30376
AMC-18                  
1 29644U 06054B   15080.23925718 -.00000117  00000-0  10000-3 0  9995
2 29644   0.0165 137.4356 0001921 223.2404 158.9187  1.00270883 30380
MEASAT-3                
1 29648U 06056A   15078.94609954 -.00000268  00000-0  00000+0 0  9999
2 29648   0.0399 144.7892 0001375 292.3520 172.0965  1.00272525 30384
KIKU-8 (ETS-VIII)       
1 29656U 06059A   15077.79425895 -.00000261  00000-0  00000+0 0  9996
2 29656   4.0554  64.5483 0005695 301.8566 241.3070  1.00271533 30240
INSAT-4B                
1 30793U 07007A   15080.62015940 -.00000285  00000-0  00000+0 0  9992
2 30793   0.0149 185.1895 0003879 137.6211 172.7084  1.00269228 29418
SKYNET 5A               
1 30794U 07007B   15080.83140962  .00000012  00000-0  00000+0 0  9996
2 30794   0.0704 357.8082 0003188   9.0749 117.3892  1.00272838 29517
ANIK F3                 
1 31102U 07009A   15079.55724550 -.00000028  00000-0  00000+0 0  9998
2 31102   0.0107 169.9875 0001910 197.6831 251.9727  1.00272510 29156
ASTRA 1L                
1 31306U 07016A   15080.21665412  .00000091  00000-0  00000+0 0  9997
2 31306   0.0775 304.8800 0004092  23.9583 306.7136  1.00271395 28871
GALAXY 17 (G-17)        
1 31307U 07016B   15079.19880578 -.00000201  00000-0  00000+0 0  9999
2 31307   0.0286 355.0759 0002921  23.9141 138.9576  1.00270781 28892
ZHONGXING-6B            
1 31800U 07031A   15079.94710846 -.00000389  00000-0  10000-3 0  9999
2 31800   0.0195 258.9364 0003088  57.6463 317.9974  1.00268244 28294
DIRECTV 10              
1 31862U 07032A   15080.56548431 -.00000131  00000-0  00000+0 0  9997
2 31862   0.0460 333.6483 0000129 218.9091  86.9320  1.00271598 28230
SPACEWAY 3              
1 32018U 07036A   15080.35294439 -.00000179  00000-0  10000-3 0  9995
2 32018   0.0174 357.9673 0006153 341.2176 231.4968  1.00270285 27958
BSAT-3A                 
1 32019U 07036B   15080.01614113 -.00000378  00000-0  10000-3 0  9995
2 32019   0.0412 225.9938 0001592  46.4108  21.4504  1.00269645 27886
INSAT-4CR               
1 32050U 07037A   15079.85063706 -.00000104  00000-0  00000+0 0  9999
2 32050   0.0284 230.9333 0004939  62.6709 264.6296  1.00270751 27674
OPTUS D2                
1 32252U 07044A   15080.65395749 -.00000212  00000-0  00000+0 0  9996
2 32252   0.0413 302.6861 0002664  68.8102 194.7663  1.00271208 27302
INTELSAT 11 (IS-11)     
1 32253U 07044B   15080.35494106 -.00000297  00000-0  10000-3 0  9999
2 32253   0.0233 229.5206 0002585 130.7716 263.0093  1.00272944 27355
STAR ONE C1             
1 32293U 07056A   15080.35364571 -.00000305  00000-0  00000+0 0  9993
2 32293   0.0654 268.8178 0002597 125.1866 206.8401  1.00270738 26960
SKYNET 5B               
1 32294U 07056B   15079.45929038  .00000000  00000-0  10000-3 0  9994
2 32294   0.0600   2.4112 0004013 352.1041  12.7877  1.00268206 27042
ASTRA 4A (SIRIUS 4)     
1 32299U 07057A   15080.02050718  .00000004  00000-0  00000+0 0  9994
2 32299   0.0022 190.8588 0002256 179.0535 180.4732  1.00270842 26787
HORIZONS-2              
1 32388U 07063B   15077.67506721 -.00000207  00000-0  10000-3 0  9998
2 32388   0.0250 282.5293 0002975  79.5773 141.6461  1.00270582 26685
THURAYA-3               
1 32404U 08001A   15079.88138086 -.00000330  00000-0  10000-3 0  9997
2 32404   4.4156 346.4865 0004100  11.7325 235.7600  1.00272024 26352
EXPRESS-AM33            
1 32478U 08003A   15080.02312883 -.00000308  00000-0  10000-3 0  9992
2 32478   0.0485 331.8766 0001359 127.7997 183.3436  1.00271652 26456
THOR 5                  
1 32487U 08006A   15080.83124191 -.00000038  00000-0  00000+0 0  9992
2 32487   0.0148 207.9030 0002147 161.9263 107.6366  1.00271152 26019
KIZUNA (WINDS)          
1 32500U 08007A   15077.85549579 -.00000284  00000-0  00000+0 0  9991
2 32500   0.0402 264.9092 0002623  87.9530 274.1768  1.00270088 25867
AMC-14                  
1 32708U 08011A   15079.63504851  .00000000  00000-0  10000-3 0  9998
2 32708  17.5589  75.9785 0051656 356.0337   3.9826  1.00273619 26957
DIRECTV 11              
1 32729U 08013A   15080.48570219 -.00000154  00000-0  00000+0 0  9995
2 32729   0.0341   6.1378 0000180 104.0681 144.1220  1.00271517 25765
ICO G1                  
1 32763U 08016A   15079.35519323 -.00000199  00000-0  00000+0 0  9998
2 32763   4.1850 346.3557 0003260   6.5845 219.6172  1.00273060 25333
VINASAT-1               
1 32767U 08018A   15077.60320392 -.00000354  00000-0  10000-3 0  9994
2 32767   0.0314 315.6076 0001969  75.4536 133.8448  1.00270270 25409
STAR ONE C2             
1 32768U 08018B   15077.27348698 -.00000290  00000-0  00000+0 0  9991
2 32768   0.0017 152.7584 0002533 211.8029 199.4063  1.00271469 25395
TIANLIAN 1-01           
1 32779U 08019A   15079.96813177 -.00000161  00000-0  10000-3 0  9993
2 32779   1.1441  79.8524 0034695 219.7295 307.0207  1.00268196 25298
AMOS-3                  
1 32794U 08022A   15080.21944586 -.00000062  00000-0  00000+0 0  9998
2 32794   0.0245 137.6789 0002466 256.9323 218.7922  1.00272490 25279
GALAXY 18 (G-18)        
1 32951U 08024A   15077.46069230  .00000000  00000-0  00000+0 0  9993
2 32951   0.0093 159.4682 0003384 216.3791 202.6598  1.00272642 24918
CHINASAT 9 (ZX 9)       
1 33051U 08028A   15080.90994428 -.00000275  00000-0  00000+0 0  9993
2 33051   0.0021 232.7885 0004052 141.4471 224.6257  1.00270365 24856
SKYNET 5C               
1 33055U 08030A   15078.32907391 -.00000166  00000-0  00000+0 0  9995
2 33055   0.0746 342.3219 0002175  20.9756 273.8399  1.00270929 24741
TURKSAT 3A              
1 33056U 08030B   15080.01878966  .00000118  00000-0  00000+0 0  9996
2 33056   0.0428 151.8636 0002897 215.5330 219.5720  1.00273757 24901
INTELSAT 25 (IS-25)     
1 33153U 08034A   15080.13630118 -.00000252  00000-0  00000+0 0  9996
2 33153   0.0430 272.1094 0003739  83.7026 200.0601  1.00271071 24506
BADR-6                  
1 33154U 08034B   15079.61265603  .00000000  00000-0  10000-3 0  9996
2 33154   0.0737  45.2354 0005627 338.4529  40.6995  1.00272167 24591
ECHOSTAR 11             
1 33207U 08035A   15080.38367487 -.00000084  00000-0  10000-3 0  9998
2 33207   0.0188 284.2228 0002647  86.3566 196.0924  1.00271581 24489
SUPERBIRD-C2            
1 33274U 08038A   15079.55466132 -.00000279  00000-0  10000-3 0  9995
2 33274   0.0343 282.2028 0000916  89.5302 149.6317  1.00270111 24200
AMC-21                  
1 33275U 08038B   15079.43049035  .00000009  00000-0  10000-3 0  9992
2 33275   0.0350 307.7987 0001871  35.1720 224.7145  1.00272213 24285
INMARSAT 4-F3           
1 33278U 08039A   15080.23231273 -.00000167  00000-0  00000+0 0  9994
2 33278   3.0099 353.5628 0002696   1.9548 168.5292  1.00271596 24109
NIMIQ 4                 
1 33373U 08044A   15077.36122014 -.00000245  00000-0  00000+0 0  9995
2 33373   0.0122 129.8120 0002831 220.7419 233.0756  1.00271227 23696
GALAXY 19 (G-19)        
1 33376U 08045A   15079.57479049 -.00000167  00000-0  00000+0 0  9990
2 33376   0.0084 201.1219 0002743 173.2980 273.2602  1.00271838 23713
VENESAT-1               
1 33414U 08055A   15078.29210084 -.00000263  00000-0  00000+0 0  9991
2 33414   0.0262 329.9362 0001434  39.3977 194.2800  1.00269297 23400
ASTRA 1M                
1 33436U 08057A   15080.21665412  .00000091  00000-0  00000+0 0  9999
2 33436   0.0306 269.5390 0002224 183.5218 182.4939  1.00265090 23321
CIEL-2                  
1 33453U 08063A   15079.55700918  .00000031  00000-0  10000-3 0  9990
2 33453   0.0383 293.7674 0002549  75.9733 239.6608  1.00272072 22982
EUTELSAT HOT BIRD 13C   
1 33459U 08065A   15080.21914491  .00000059  00000-0  00000+0 0  9991
2 33459   0.0554 329.1213 0003497  64.4093 236.7424  1.00270375 23075
EUTELSAT 48D            
1 33460U 08065B   15079.65450721  .00000097  00000-0  00000+0 0  9992
2 33460   0.0578 347.3116 0001054  29.2389  85.0112  1.00270906 22934
FENGYUN 2E              
1 33463U 08066A   15077.96063837 -.00000355  00000-0  00000+0 0  9994
2 33463   2.4378  58.6132 0001312 133.4543  74.3787  1.00273487 22901
EXPRESS-AM44            
1 33595U 09007A   15080.35120049 -.00000117  00000-0  00000+0 0  9998
2 33595   0.0196 298.6148 0000827 149.9550 205.3943  1.00272278 22381
NSS-9                   
1 33749U 09008A   15079.61541417  .00000044  00000-0  10000-3 0  9996
2 33749   0.0400 324.1874 0001858  22.7606 235.3932  1.00272752 22384
EUTELSAT HOT BIRD 13D   
1 33750U 09008B   15080.21914491  .00000059  00000-0  00000+0 0  9993
2 33750   0.0985 288.9431 0002749  18.0818 323.2474  1.00271191 22422
TELSTAR 11N             
1 34111U 09009A   15080.13614110 -.00000279  00000-0  10000-3 0  9992
2 34111   0.0119 163.3900 0002107 198.1308 188.2351  1.00270479 22243
RADUGA-1 8              
1 34264U 09010A   15080.22533321  .00000056  00000-0  10000-3 0  9999
2 34264   4.1223  77.3919 0001201 320.6581 233.8622  1.00266413 22179
EUTELSAT 10A            
1 34710U 09016A   15079.83546374  .00000040  00000-0  00000+0 0  9996
2 34710   0.0644 351.8124 0004819   3.7869 133.1568  1.00272303 21828
SES-7 (PROTOSTAR 2)     
1 34941U 09027A   15079.49109567  .00000000  00000-0  10000-3 0  9996
2 34941   0.0370  59.7770 0001235 228.6381 174.3064  1.00269187 21472
MEASAT-3A               
1 35362U 09032A   15079.89954221 -.00000268  00000-0  00000+0 0  9991
2 35362   0.0399 229.3553 0000984  33.9541 330.0765  1.00269722 21069
GOES 14                 
1 35491U 09033A   15080.37641840 -.00000121  00000-0  00000+0 0  9998
2 35491   0.0734 120.5466 0000438 102.7331 346.4474  1.00272217 20998
SIRIUS FM-5             
1 35493U 09034A   15079.48614987 -.00000173  00000-0  00000+0 0  9990
2 35493   0.0248 271.1726 0000373 358.8133 346.7061  1.00272868 20856
TERRESTAR-1             
1 35496U 09035A   15077.98852153 -.00000082  00000-0  00000+0 0  9995
2 35496   3.6069 332.0531 0002528  24.6481  64.3469  1.00272064 20963
ASIASAT 5               
1 35696U 09042A   15079.76759652 -.00000334  00000-0  10000-3 0  9998
2 35696   0.0066 172.8175 0001615 142.0043 239.9061  1.00268023 20511
JCSAT-RA (JCSAT-12)     
1 35755U 09044A   15078.68590067 -.00000372  00000-0  10000-3 0  9991
2 35755   0.0652  36.8289 0000882  14.5387 140.3582  1.00269711 20475
OPTUS D3                
1 35756U 09044B   15078.68511921 -.00000175  00000-0  00000+0 0  9990
2 35756   0.0283 350.6413 0003580  36.0422 192.8205  1.00267652 20442
PALAPA D                
1 35812U 09046A   15079.92049858 -.00000386  00000-0  10000-3 0  9997
2 35812   0.0124  73.4885 0002230 338.4313 210.5341  1.00272486 20508
NIMIQ 5                 
1 35873U 09050A   15080.37742282 -.00000285  00000-0  10000-3 0  9999
2 35873   0.0126 219.6700 0001506 133.9258 248.1242  1.00270528 20195
AMAZONAS 2              
1 35942U 09054A   15079.71349190 -.00000310  00000-0  00000+0 0  9991
2 35942   0.0395 136.8193 0001694 269.7813 327.1584  1.00271304 20032
COMSATBW-1              
1 35943U 09054B   15080.61941235 -.00000003  00000-0  10000-3 0  9995
2 35943   0.0584  27.5165 0001813 336.6208 100.6352  1.00270272 20099
NSS-12                  
1 36032U 09058A   15079.62071476  .00000044  00000-0  00000+0 0  9998
2 36032   0.0381 292.9144 0002440  75.4698  89.8584  1.00272636 19771
THOR 6                  
1 36033U 09058B   15080.83124191 -.00000038  00000-0  00000+0 0  9991
2 36033   0.0135 204.7177 0001383 175.3174  97.3461  1.00270858 19806
INTELSAT 14 (IS-14)     
1 36097U 09064A   15080.35409545 -.00000302  00000-0  00000+0 0  9998
2 36097   0.0210 142.1852 0002404 239.3580 239.5166  1.00266617 19532
EUTELSAT 36B            
1 36101U 09065A   15079.96239968  .00000128  00000-0  10000-3 0  9990
2 36101   0.0665 359.4208 0004005   6.8499 194.2200  1.00272252 19634
INTELSAT 15 (IS-15)     
1 36106U 09067A   15079.85702337 -.00000212  00000-0  10000-3 0  9995
2 36106   0.0081 183.4583 0002756 176.2973 211.9650  1.00270824 19428
DIRECTV 12              
1 36131U 09075A   15080.56548397 -.00000131  00000-0  10000-3 0  9996
2 36131   0.0098 265.5260 0000149  12.8096   1.2071  1.00271819 19212
BEIDOU G1               
1 36287U 10001A   15080.64542383 -.00000312  00000-0  10000-3 0  9998
2 36287   1.6053   9.1484 0003521 181.6309   0.3316  1.00266561 19008
RADUGA-1M 2             
1 36358U 10002A   15080.83668697 -.00000211  00000-0  10000-3 0  9994
2 36358   0.0165 251.6796 0002483 155.4936 158.0208  1.00270333 18849
SDO                     
1 36395U 10005A   15076.39723595 -.00000088  00000-0  00000+0 0  9990
2 36395  28.0695 155.4176 0002309 187.9344 231.9761  1.00275446 18835
INTELSAT 16 (IS-16)     
1 36397U 10006A   15078.70611833  .00000000  00000-0  10000-3 0  9999
2 36397   0.0178 352.6486 0001278  41.2619 318.1726  1.00265921 18600
GOES 15                 
1 36411U 10008A   15079.55685672  .00000060  00000-0  00000+0 0  9995
2 36411   0.0307 219.9158 0002538 135.9124 247.3638  1.00281090 18503
ECHOSTAR 14             
1 36499U 10010A   15079.41854354 -.00000027  00000-0  00000+0 0  9998
2 36499   0.0054 271.7728 0004927  92.7185 204.8637  1.00272616 18352
SES-1                   
1 36516U 10016A   15080.58124701 -.00000142  00000-0  00000+0 0  9998
2 36516   0.0237 293.7290 0001954  57.9440 295.3265  1.00271753 17966
ASTRA 3B                
1 36581U 10021A   15079.61343874  .00000000  00000-0  10000-3 0  9999
2 36581   0.1002  48.5045 0003454 312.7044  60.9909  1.00272960 17661
COMSATBW-2              
1 36582U 10021B   15080.21914491  .00000060  00000-0  00000+0 0  9998
2 36582   0.0197 263.6717 0001435 115.5610 251.1973  1.00270334 17812
BEIDOU G3               
1 36590U 10024A   15078.93405231 -.00000380  00000-0  10000-3 0  9994
2 36590   1.4686  26.7244 0004883 301.4215 295.7909  1.00269763 17591
BADR-5                  
1 36592U 10025A   15079.85568524  .00000000  00000-0  10000-3 0  9992
2 36592   0.0252 125.2031 0001585 252.7829 134.1336  1.00271608 17738
COMS 1                  
1 36744U 10032A   15080.78613727 -.00000372  00000-0  10000-3 0  9992
2 36744   0.0441  35.0424 0000496 337.4920 217.6396  1.00270031 17488
ARABSAT-5A              
1 36745U 10032B   15078.69101830  .00000127  00000-0  00000+0 0  9999
2 36745   0.0273  17.4913 0003135 336.0089 102.6457  1.00269759 17456
ECHOSTAR 15             
1 36792U 10034A   15080.15818542 -.00000302  00000-0  10000-3 0  9993
2 36792   0.0405 323.2625 0002109  51.2535 175.6569  1.00272429 17222
BEIDOU IGSO 1           
1 36828U 10036A   15079.76923737 -.00000189  00000-0  10000-3 0  9996
2 36828  54.3321 201.6341 0038238 201.6267 171.3183  1.00260566 17044
NILESAT 201             
1 36830U 10037A   15079.09174560 -.00000085  00000-0  10000-3 0  9993
2 36830   0.0415 174.4392 0002462 175.3218 213.5131  1.00272698 17103
RASCOM-QAF 1R           
1 36831U 10037B   15080.83133339 -.00000010  00000-0  10000-3 0  9995
2 36831   0.0186 112.8792 0003828 241.5767 126.7056  1.00272138 17123
CHINASAT 6A (ZX 6A)     
1 37150U 10042A   15079.66859794  .00000000  00000-0  10000-3 0  9993
2 37150   0.0170 193.7682 0002955 231.4881 118.2677  1.00263182 16732
XM-5                    
1 37185U 10053A   15079.35538381 -.00000232  00000-0  10000-3 0  9993
2 37185   0.0264 274.7854 0001273 130.0435 175.4228  1.00270481 16261
BSAT-3B                 
1 37207U 10056B   15080.90828692 -.00000378  00000-0  00000+0 0  9997
2 37207   0.0701 316.4504 0004080  23.7223 275.7274  1.00269739 16113
BEIDOU G4               
1 37210U 10057A   15080.51373633 -.00000139  00000-0  10000-3 0  9999
2 37210   0.8706  49.2078 0005594 169.6500 304.7406  1.00272983 16133
SKYTERRA 1              
1 37218U 10061A   15079.48645081 -.00000148  00000-0  10000-3 0  9995
2 37218   4.2158 324.3921 0004562 163.2171 123.8674  1.00272316 16049
ZHONGXING-20A           
1 37234U 10064A   15080.70164141 -.00000365  00000-0  00000+0 0  9992
2 37234   0.0087 194.2532 0003025 220.4577 146.7737  1.00273217 15867
HYLAS 1                 
1 37237U 10065A   15079.06690049 -.00000261  00000-0  10000-3 0  9994
2 37237   0.0500 279.7707 0002570 115.8696 132.1972  1.00271443 15821
INTELSAT 17 (IS-17)     
1 37238U 10065B   15079.91909971 -.00000029  00000-0  00000+0 0  9993
2 37238   0.0126 131.8569 0002976 240.4670 202.6485  1.00272707 15777
BEIDOU IGSO 2           
1 37256U 10068A   15079.45860641 -.00000217  00000-0  10000-3 0  9999
2 37256  54.0824 320.7617 0030206 202.4124 299.6114  1.00268227 15624
EUTELSAT KA-SAT 9A      
1 37258U 10069A   15080.10554743  .00000033  00000-0  10000-3 0  9994
2 37258   0.0520 300.2755 0001220 171.0826 113.8953  1.00271550 15643
HISPASAT 1E             
1 37264U 10070A   15080.13633929 -.00000244  00000-0  00000+0 0  9990
2 37264   0.0139 157.9594 0002370 246.9328 152.4925  1.00270339 15495
KOREASAT 6              
1 37265U 10070B   15079.94710862 -.00000390  00000-0  00000+0 0  9992
2 37265   0.0235 271.8800 0001981  58.0510 305.1481  1.00271266 15518
ELEKTRO-L 1 (GOMS 2)    
1 37344U 11001A   15080.87410858 -.00000126  00000-0  00000+0 0  9998
2 37344   0.7971  80.8509 0001760 198.3170 290.6741  1.00275231 15309
BEIDOU IGSO 3           
1 37384U 11013A   15079.88035538 -.00000135  00000-0  10000-3 0  9997
2 37384  56.8379  81.5441 0026904 195.4417 338.5621  1.00283936 14500
INTELSAT NEW DAWN       
1 37392U 11016A   15080.03648639  .00000128  00000-0  10000-3 0  9991
2 37392   0.0260 244.1976 0000574  59.0158 280.9615  1.00278825 14369
YAHSAT 1A               
1 37393U 11016B   15079.75226589  .00000074  00000-0  10000-3 0  9995
2 37393   0.0078 212.8444 0000835  93.6146 194.7740  1.00271761 14408
TELSTAR 14R             
1 37602U 11021A   15078.46390807 -.00000306  00000-0  00000+0 0  9990
2 37602   0.0277 315.0785 0001787   1.6509 323.9211  1.00271924 14618
GSAT-8                  
1 37605U 11022A   15080.15303039  .00000057  00000-0  10000-3 0  9991
2 37605   0.0215 202.7977 0005658  85.8004 359.8624  1.00270886 14075
ST-2                    
1 37606U 11022B   15079.72683823  .00000000  00000-0  10000-3 0  9993
2 37606   0.0177 152.9856 0001458 234.4073 140.1301  1.00265096 14077
CHINASAT 10 (ZX 10)     
1 37677U 11026A   15078.91195649  .00000000  00000-0  10000-3 0  9999
2 37677   0.0389 297.9659 0004693 268.5778  49.3588  1.00265447 13363
TIANLIAN 1-02           
1 37737U 11032A   15079.81378468 -.00000074  00000-0  10000-3 0  9997
2 37737   0.9244  81.0091 0031150 194.1814   2.8334  1.00274760 13545
GSAT-12                 
1 37746U 11034A   15080.70279713 -.00000192  00000-0  00000+0 0  9998
2 37746   0.0376 242.5103 0006000 235.9986  36.3501  1.00270120 13803
SES-3                   
1 37748U 11035A   15079.41055049 -.00000129  00000-0  00000+0 0  9991
2 37748   0.0364 285.6765 0002529  33.5876 263.1456  1.00272289 13511
KAZSAT-2                
1 37749U 11035B   15078.69733900 -.00000223  00000-0  00000+0 0  9995
2 37749   0.0397 309.4038 0001442 109.6582  95.3304  1.00269392 13448
BEIDOU IGSO 4           
1 37763U 11038A   15080.91024601 -.00000112  00000-0  10000-3 0  9995
2 37763  54.6486 203.8515 0033157 197.4866 198.5309  1.00256067 13483
ASTRA 1N                
1 37775U 11041A   15079.86781646  .00000092  00000-0  00000+0 0  9994
2 37775   0.0614 338.5289 0004464  49.2288 121.9212  1.00274203 13248
BSAT-3C (JCSAT-110R)    
1 37776U 11041B   15078.79810652  .00000000  00000-0  10000-3 0  9990
2 37776   0.0220 266.5242 0005273 184.6762 123.0211  1.00264582 13354
PAKSAT-1R               
1 37779U 11042A   15079.84037127  .00000126  00000-0  00000+0 0  9993
2 37779   0.0398  36.6663 0002745 320.0001 161.8802  1.00274160 13178
CHINASAT 1A (ZX 1A)     
1 37804U 11047A   15078.68885206 -.00000364  00000-0  10000-3 0  9997
2 37804   0.0072 155.6384 0000741 151.8976 247.1874  1.00270390 12901
COSMOS 2473             
1 37806U 11048A   15079.80778759 -.00000162  00000-0  10000-3 0  9995
2 37806   0.0611 103.1962 0001312 341.9680 103.5437  1.00271159 12893
SES-2                   
1 37809U 11049A   15079.73902645 -.00000223  00000-0  10000-3 0  9992
2 37809   0.0376 315.2888 0002530  40.9940   0.6860  1.00271059 12846
ARABSAT-5C              
1 37810U 11049B   15080.83176028  .00000095  00000-0  00000+0 0  9996
2 37810   0.0631 356.8370 0000942  65.2010  76.3591  1.00270120 12818
EUTELSAT 7 WEST A       
1 37816U 11051A   15079.09174560 -.00000087  00000-0  10000-3 0  9997
2 37816   0.0587 336.6444 0001014 212.6330  13.7249  1.00273156 12789
QUETZSAT 1              
1 37826U 11054A   15079.35557439 -.00000269  00000-0  10000-3 0  9992
2 37826   0.0336 312.9272 0002909  64.1420 211.4674  1.00270086 12915
INTELSAT 18 (IS-18)     
1 37834U 11056A   15079.41916424  .00000000  00000-0  10000-3 0  9995
2 37834   0.0193 109.9193 0002401 261.6079 137.0003  1.00270758 12715
EUTELSAT 16A            
1 37836U 11057A   15079.50810978  .00000000  00000-0  10000-3 0  9995
2 37836   0.0644   8.5080 0004523 359.3290   8.8119  1.00271710 12648
VIASAT-1                
1 37843U 11059A   15080.35394258 -.00000051  00000-0  10000-3 0  9995
2 37843   0.0058 144.3842 0001964 210.6134 195.8348  1.00270874 13105
ASIASAT 7               
1 37933U 11069A   15079.92094326 -.00000362  00000-0  10000-3 0  9995
2 37933   0.0060 145.3095 0000910 158.6153 311.1990  1.00273361 12290
BEIDOU IGSO 5           
1 37948U 11073A   15079.51991402 -.00000162  00000-0  10000-3 0  9990
2 37948  54.1799 320.2025 0029008 202.0855 298.5363  1.00276383 12226
AMOS-5                  
1 37950U 11074A   15080.09353772  .00000081  00000-0  10000-3 0  9990
2 37950   0.0245 235.3106 0002917 257.1972  96.4196  1.00272704 12099
LUCH 5A                 
1 37951U 11074B   15080.50904883 -.00000076  00000-0  00000+0 0  9992
2 37951   2.4044 239.7184 0002388 133.1753 155.9586  1.00271661 12016
NIGCOMSAT 1R            
1 38014U 11077A   15079.67734719  .00000117  00000-0  00000+0 0  9996
2 38014   0.0484 328.0492 0001730 309.8865 186.2680  1.00269889 11907
FENGYUN 2F              
1 38049U 12002A   15080.46035781 -.00000384  00000-0  10000-3 0  9997
2 38049   0.1735   7.9746 0003208 136.6955 311.7347  1.00275164 11726
SES-4                   
1 38087U 12007A   15077.22004912 -.00000193  00000-0  00000+0 0  9999
2 38087   0.0182  45.3652 0002379 268.7596 278.5355  1.00271260 11330
BEIDOU G5               
1 38091U 12008A   15080.79510206  .00000030  00000-0  00000+0 0  9998
2 38091   1.0572  23.4426 0000267  84.1728  56.2557  1.00270119 11311
INTELSAT 22 (IS-22)     
1 38098U 12011A   15078.71595323 -.00000085  00000-0  00000+0 0  9992
2 38098   0.0064  88.5917 0001817 268.0819 150.1294  1.00270146 10902
APSTAR 7                
1 38107U 12013A   15080.07469412 -.00000129  00000-0  00000+0 0  9995
2 38107   0.0385 109.1054 0002582 239.5512 292.9916  1.00271841 10992
YAHSAT 1B               
1 38245U 12016A   15080.01381850  .00000099  00000-0  00000+0 0  9999
2 38245   0.0055 199.3428 0000337 191.7913 199.6166  1.00272574 10742
JCSAT-13                
1 38331U 12023A   15079.16323488 -.00000384  00000-0  00000+0 0  9998
2 38331   0.0129 189.5070 0001331 172.8431 357.6505  1.00270709 10420
VINASAT-2               
1 38332U 12023B   15080.75750699 -.00000357  00000-0  00000+0 0  9994
2 38332   0.0153 256.0559 0001394  97.8275 229.5803  1.00269632 10455
NIMIQ 6                 
1 38342U 12026A   15080.35490156 -.00000201  00000-0  00000+0 0  9991
2 38342   0.0255 268.6646 0001948  87.0166 219.4927  1.00270924 10428
CHINASAT 2A (ZX 2A)     
1 38352U 12028A   15080.77206966 -.00000321  00000-0  10000-3 0  9992
2 38352   0.0104 134.2517 0003093 205.2604 215.6319  1.00269911 10473
INTELSAT 19 (IS-19)     
1 38356U 12030A   15080.40350567 -.00000085  00000-0  00000+0 0  9998
2 38356   0.0329 302.1199 0002589  54.0777 133.6232  1.00271668 10349
ECHOSTAR 17             
1 38551U 12035A   15080.37942760 -.00000104  00000-0  00000+0 0  9990
2 38551   0.0126 147.9607 0002448 180.1834 239.9183  1.00272663  9955
METEOSAT-10 (MSG-3)     
1 38552U 12035B   15077.23716955 -.00000030  00000-0  00000+0 0  9995
2 38552   0.1501 270.8291 0000830 146.8683 202.9955  1.00267586 10017
SES-5                   
1 38652U 12036A   15079.15003804  .00000000  00000-0  10000-3 0  9993
2 38652   0.0387 273.2209 0002437  47.8712 275.3242  1.00272580  9889
TIANLIAN 1-03           
1 38730U 12040A   15080.09353772  .00000080  00000-0  10000-3 0  9990
2 38730   0.0433 269.4659 0002474 344.1391 335.0907  1.00270223  9818
INTELSAT 20 (IS-20)     
1 38740U 12043A   15079.71180617 -.00000052  00000-0  00000+0 0  9992
2 38740   0.0292 272.0084 0000283  48.4113 182.2176  1.00271235  9652
HYLAS 2                 
1 38741U 12043B   15079.75830056  .00000127  00000-0  10000-3 0  9993
2 38741   0.0064 145.4485 0001450 211.6629 124.8223  1.00273134  9678
INTELSAT 21 (IS-21)     
1 38749U 12045A   15076.34933247 -.00000308  00000-0  00000+0 0  9998
2 38749   0.0183 137.3683 0002454 218.4703 246.5115  1.00271204  9433
ASTRA 2F                
1 38778U 12051A   15080.01834068  .00000122  00000-0  00000+0 0  9990
2 38778   0.0367 245.9571 0002940  16.2899 310.7731  1.00273739  9119
GSAT-10                 
1 38779U 12051B   15079.01450660 -.00000189  00000-0  00000+0 0  9995
2 38779   0.0214 206.9155 0003407 263.6911 154.7545  1.00262907  9101
INTELSAT 23 (IS-23)     
1 38867U 12057A   15079.47497846 -.00000312  00000-0  00000+0 0  9994
2 38867   0.0057 215.7151 0001003 167.1297 272.7933  1.00271412  8936
BEIDOU G6               
1 38953U 12059A   15080.75324219 -.00000164  00000-0  10000-3 0  9998
2 38953   0.1255 348.0388 0001003   8.2267 173.8295  1.00269609  8888
LUCH 5B                 
1 38977U 12061A   15080.13668995 -.00000153  00000-0  00000+0 0  9994
2 38977   1.8952  82.1847 0001734 208.8841 280.5369  1.00270255  9001
YAMAL 300K              
1 38978U 12061B   15078.91018160  .00000000  00000-0  10000-3 0  9996
2 38978   0.0358 274.9592 0001159 183.7376 136.1072  1.00266216  8688
STAR ONE C3             
1 38991U 12062A   15080.14868942 -.00000277  00000-0  10000-3 0  9998
2 38991   0.0552 103.0207 0001535 254.9878 158.8622  1.00271942  8684
EUTELSAT 21B            
1 38992U 12062B   15079.44363823  .00000000  00000-0  10000-3 0  9991
2 38992   0.0622 357.7348 0002213 338.4581  22.8209  1.00273527  8693
ECHOSTAR 16             
1 39008U 12065A   15079.12068079 -.00000309  00000-0  10000-3 0  9996
2 39008   0.0056 224.5073 0002743 124.9633 169.7966  1.00271182  8622
CHINASAT 12 (ZX 12)     
1 39017U 12067A   15080.00613333 -.00000234  00000-0  10000-3 0  9993
2 39017   0.0198 129.1823 0002546 232.9264 265.7569  1.00269749  8535
EUTELSAT 70B            
1 39020U 12069A   15075.91995192 -.00000065  00000-0  10000-3 0  9991
2 39020   0.0507 336.6405 0002357 286.1680 313.0552  1.00273561  8397
YAMAL 402               
1 39022U 12070A   15079.99320532  .00000058  00000-0  10000-3 0  9998
2 39022   0.0304 263.0563 0002866 162.3749 165.1667  1.00271994  8423
SKYNET 5D               
1 39034U 12075A   15080.01410811  .00000071  00000-0  10000-3 0  9996
2 39034   0.0676 352.5249 0003638  16.4292 227.0620  1.00274273  8344
MEXSAT 3                
1 39035U 12075B   15080.35394269 -.00000053  00000-0  10000-3 0  9993
2 39035   0.0246 182.5195 0001330 144.2294 224.3815  1.00270749  8304
TDRS 11                 
1 39070U 13004A   15080.40409264  .00000061  00000-0  00000+0 0  9996
2 39070   6.3339 330.1365 0009424 275.9699 267.0011  1.00262826  7845
AMAZONAS 3              
1 39078U 13006A   15080.21363416 -.00000310  00000-0  10000-3 0  9996
2 39078   0.0348 223.0836 0002204  95.1787 236.0575  1.00270924  7799
AZERSPACE 1             
1 39079U 13006B   15079.83641300  .00000106  00000-0  00000+0 0  9991
2 39079   0.0048 218.0003 0001364 151.8616 155.2811  1.00264500  7781
EUTELSAT 117 WEST A     
1 39122U 13012A   15077.65107233 -.00000038  00000-0  00000+0 0  9992
2 39122   0.0285 280.0494 0002605  84.1273 289.2743  1.00272392  7276
ANIK G1                 
1 39127U 13014A   15079.39053031 -.00000101  00000-0  00000+0 0  9999
2 39127   0.0307 287.0828 0002026  32.8305 250.9578  1.00272001  7084
CHINASAT 11 (ZX 11)     
1 39157U 13020A   15079.87942959 -.00000319  00000-0  00000+0 0  9999
2 39157   0.0482 319.4221 0000998 241.4091  31.8364  1.00271172  6978
EUTELSAT 7B             
1 39163U 13022A   15080.01767153  .00000020  00000-0  00000+0 0  9995
2 39163   0.0637 352.4016 0002464  14.6785 184.4671  1.00269952  6829
SES-6                   
1 39172U 13026A   15078.89500297 -.00000288  00000-0  00000+0 0  9993
2 39172   0.0407 307.9676 0002092  62.4702  88.3436  1.00269741  6566
IRNSS-1A                
1 39199U 13034A   15080.00134977  .00000102  00000-0  00000+0 0  9999
2 39199  27.6527 129.6081 0021928 190.7073 273.4349  1.00272496  6489
ALPHASAT                
1 39215U 13038A   15080.71033409  .00000112  00000-0  00000+0 0  9999
2 39215   0.7403  34.8906 0001652 327.4152  97.1103  1.00272580  6107
INSAT-3D                
1 39216U 13038B   15080.00863692 -.00000183  00000-0  00000+0 0  9996
2 39216   0.0323 227.4834 0000662 174.1267 221.7345  1.00270072  6125
EUTELSAT 25B            
1 39233U 13044A   15079.43575485  .00000116  00000-0  00000+0 0  9992
2 39233   0.0535   5.9867 0001674   6.4219 347.5763  1.00274178  5730
GSAT-7                  
1 39234U 13044B   15079.85063740 -.00000104  00000-0  00000+0 0  9993
2 39234   0.0382 116.8906 0009126 166.4526 274.9015  1.00271145  5728
AMOS-4                  
1 39237U 13045A   15079.76746684  .00000000  00000-0  10000-3 0  9991
2 39237   0.0181 132.3618 0001547 223.3714 163.5533  1.00270929  5729
ASTRA 2E                
1 39285U 13056A   15080.01834104  .00000122  00000-0  10000-3 0  9996
2 39285   0.0581 326.8452 0001352  32.3514 213.9387  1.00272233  5415
SIRIUS FM-6             
1 39360U 13058A   15078.21742071 -.00000043  00000-0  00000+0 0  9990
2 39360   0.0116 137.0224 0000615  67.5861 293.9300  1.00271983  5153
RADUGA-1M 3             
1 39375U 13062A   15080.08740383 -.00000067  00000-0  10000-3 0  9994
2 39375   0.0016 188.2825 0001958 197.6329 253.8256  1.00272982  4950
SES-8                   
1 39460U 13071A   15078.76982931  .00000000  00000-0  10000-3 0  9994
2 39460   0.0076 265.7358 0001549  96.5254 186.8124  1.00264737  4456
INMARSAT 5-F1           
1 39476U 13073A   15079.95857769  .00000000  00000-0  10000-3 0  9995
2 39476   0.0028 173.2070 0000879 257.9323 154.6881  1.00272425  4758
TKSAT-1 (TUPAC KATARI)  
1 39481U 13075A   15079.74626616 -.00000222  00000-0  10000-3 0  9992
2 39481   0.0462  43.4460 0001841 295.6712  20.2838  1.00270534  4667
EXPRESS-AM5             
1 39487U 13077A   15078.65494895 -.00000307  00000-0  00000+0 0  9990
2 39487   0.0491 309.3716 0001794 119.1662 124.1248  1.00271040  5195
GSAT-14                 
1 39498U 14001A   15080.74288160 -.00000104  00000-0  00000+0 0  9994
2 39498   0.0154 164.6009 0002652 159.8015 195.9099  1.00270335  4417
THAICOM 6               
1 39500U 14002A   15079.62122550 -.00000148  00000-0  10000-3 0  9997
2 39500   0.0670 141.5014 0002187 296.4207  42.0270  1.00271382  4357
TDRS 12                 
1 39504U 14004A   15078.21564037 -.00000299  00000-0  00000+0 0  9999
2 39504   6.7300 337.6156 0004050  96.9489 138.0888  1.00270611  4259
ABS-2                   
1 39508U 14006A   15079.95613314 -.00000113  00000-0  00000+0 0  9995
2 39508   0.0192 252.4893 0002196  96.7080 248.0570  1.00271188  4154
ATHENA-FIDUS            
1 39509U 14006B   15080.21780150  .00000126  00000-0  00000+0 0  9993
2 39509   0.0162 107.7050 0001482 292.1515 254.7305  1.00272575  4332
TURKSAT 4A              
1 39522U 14007A   15080.01878979  .00000118  00000-0  10000-3 0  9990
2 39522   0.0517 272.0275 0003876  34.3698 280.5448  1.00271676  4036
EXPRESS-AT1             
1 39612U 14010A   15080.80158354  .00000050  00000-0  00000+0 0  9999
2 39612   0.0443 317.4769 0000192 204.4573   1.6041  1.00272852  3886
EXPRESS-AT2             
1 39613U 14010B   15080.64556503 -.00000310  00000-0  00000+0 0  9990
2 39613   0.0495 315.7996 0002873 314.4597 280.8317  1.00270765  3713
AMAZONAS 4A             
1 39616U 14011A   15079.48096912 -.00000310  00000-0  00000+0 0  9997
2 39616   0.0454  27.5875 0005228 347.3304 274.9771  1.00272936  3689
ASTRA 5B                
1 39617U 14011B   15080.83205757  .00000126  00000-0  00000+0 0  9992
2 39617   0.0446 305.6449 0001999  62.3330 142.1015  1.00275195  3702
IRNSS-1B                
1 39635U 14017A   15079.20803551  .00000000  00000-0  10000-3 0  9999
2 39635  30.4850 307.4816 0018936 183.0171 176.9952  1.00276512  3629
LUCH 5V                 
1 39727U 14023A   15078.08290381 -.00000302  00000-0  00000+0 0  9995
2 39727   4.2244 301.4169 0003300  83.1320 276.6760  1.00270717521336
KAZSAT 3                
1 39728U 14023B   15078.06577932  .00000035  00000-0  00000+0 0  9996
2 39728   0.0304 312.2834 0000676 115.0840 191.0594  1.00271643  3252
EUTELSAT 3B             
1 39773U 14030A   15080.83134101 -.00000009  00000-0  00000+0 0  9991
2 39773   0.0655 341.9311 0001377 245.2534 254.1804  1.00270344  3055
ASIASAT 8               
1 40107U 14046A   15079.63490101  .00000000  00000-0  10000-3 0  9997
2 40107   0.0149 102.8766 0001043 266.1009 142.6616  1.00263972  2323
ASIASAT 6               
1 40141U 14052A   15079.61032199 -.00000390  00000-0  10000-3 0  9992
2 40141   0.0316 257.6574 0000764 147.2854 112.4570  1.00269151  1989
OPTUS 10                
1 40146U 14054A   15080.40345993 -.00000102  00000-0  00000+0 0  9993
2 40146   0.0091 181.4031 0002301 154.4321 152.0120  1.00271986  1951
MEASAT-3B               
1 40147U 14054B   15079.56886733  .00000000  00000-0  10000-3 0  9992
2 40147   0.0233  26.7118 0003094   3.4300  83.8284  1.00263970  1997
LUCH (OLYMP)            
1 40258U 14058A   15080.74018215 -.00000305  00000-0  00000+0 0  9997
2 40258   0.0369 328.1979 0000935 118.9294  94.4193  1.00264371  1778
HIMAWARI 8              
1 40267U 14060A   15080.64122476 -.00000304  00000-0  00000+0 0  9993
2 40267   0.0296 305.0270 0001420 129.6397 115.6226  1.00272328  1693
IRNSS-1C                
1 40269U 14061A   15080.02055293 -.00000196  00000-0  10000-3 0  9994
2 40269   4.6683 270.3098 0021827   7.3676 350.8788  1.00268991  1644
INTELSAT 30 (IS-30)     
1 40271U 14062A   15079.75675138 -.00000178  00000-0  00000+0 0  9997
2 40271   0.0195 142.5514 0001997  80.6693 132.0909  1.00270920  1591
ARSAT 1                 
1 40272U 14062B   15080.37742308 -.00000288  00000-0  00000+0 0  9994
2 40272   0.0267  46.4125 0001796 304.8227 251.3769  1.00270461  1716
GSAT 16                 
1 40332U 14078A   15080.15303039  .00000057  00000-0  00000+0 0  9991
2 40332   0.0710 258.7845 0004674 170.5057 219.1758  1.00274118  1083
DIRECTV 14              
1 40333U 14078B   15080.48570219 -.00000153  00000-0  00000+0 0  9992
2 40333   0.0111 122.1290 0000486 353.4128 138.7312  1.00271393  1078
YAMAL 401               
1 40345U 14082A   15076.56438251 -.00000251  00000-0  00000+0 0  9992
2 40345   0.0089 181.9867 0000995 169.0447 116.8903  1.00269704  1209
ASTRA 2G                
1 40364U 14089A   15079.83574579  .00000101  00000-0  00000+0 0  9990
2 40364   0.0339 270.3339 0001917 124.7511 104.9786  1.00274292   855
FENGYUN 2G              
1 40367U 14090A   15080.89064749 -.00000333  00000-0  00000+0 0  9994
2 40367   2.1232 277.7997 0004494 244.3627  77.3284  1.00269381   875
