METEOSAT-7              
1 24932U 97049B   15079.96655563  .00000035  00000-0  00000+0 0  9993
2 24932   9.5409  45.2087 0001163 200.9155 337.6163  1.00268643 64265
NOAA 15                 
1 25338U 98030A   15080.49548211  .00000174  00000-0  92487-4 0  9995
2 25338  98.7709  79.0858 0011690  66.0125 294.2277 14.25583130876340
METEOSAT-8 (MSG-1)      
1 27509U 02040B   15079.83530366 -.00000004  00000-0  00000+0 0  9999
2 27509   3.3769  61.3922 0001538 186.5714 234.3037  1.00274549 46076
KALPANA-1 (METSAT 1)    
1 27525U 02043A   15080.76272984 -.00000105  00000-0  00000+0 0  9995
2 27525   4.9187  61.1548 0012626 219.4251 246.8922  1.00272494 45885
INSAT-3A                
1 27714U 03013A   15079.82935529 -.00000285  00000-0  00000+0 0  9998
2 27714   0.0323 126.2258 0004131 290.8643 152.9755  1.00269030 43774
HIMAWARI-6 (MTSAT-1R)   
1 28622U 05006A   15080.64545971 -.00000309  00000-0  00000+0 0  9998
2 28622   0.0152 126.5347 0004335 246.1996 178.3806  1.00271767 36845
NOAA 18                 
1 28654U 05018A   15080.49033188  .00000139  00000-0  10089-3 0  9993
2 28654  99.1797  71.0183 0013834 202.9362 157.1193 14.12165348506690
METEOSAT-9 (MSG-2)      
1 28912U 05049B   15080.10554743  .00000036  00000-0  00000+0 0  9991
2 28912   0.6690  51.3795 0000760 196.8082 337.4010  1.00275895 33924
MTSAT-2                 
1 28937U 06004A   15080.25099866 -.00000271  00000-0  00000+0 0  9998
2 28937   0.0385 260.3986 0003193 105.9334  47.4495  1.00272494 33235
FORMOSAT-3 FM6          
1 29047U 06011A   15080.41787962  .00000389  00000-0  17028-3 0  9999
2 29047  71.9794  57.5160 0049232 125.5053 235.0690 14.28273618467853
FORMOSAT-3 FM1          
1 29048U 06011B   15079.81896363  .00000467  00000-0  20200-3 0  9991
2 29048  71.9699 331.7833 0042645  78.8231 345.7025 14.28249156470250
FORMOSAT-3 FM5          
1 29049U 06011C   15080.52921624  .00000410  00000-0  17967-3 0  9995
2 29049  72.0195 131.1585 0033356 123.8039 349.0958 14.28256923466129
FORMOSAT-3 FM3          
1 29050U 06011D   15080.47012569  .00001007  00000-0  22729-3 0  9995
2 29050  72.0152 111.5496 0051786 205.4877 154.3722 14.57643734477222
FORMOSAT-3 FM4          
1 29051U 06011E   15080.81760835  .00000463  00000-0  19702-3 0  9992
2 29051  72.0074  36.0464 0068741 353.2893   6.7315 14.28258969468757
FORMOSAT-3 FM2          
1 29052U 06011F   15080.18776625  .00000421  00000-0  18316-3 0  9991
2 29052  72.0331 105.9008 0038371  86.8748 336.8599 14.28358425466979
GOES 13                 
1 29155U 06018A   15079.29378435 -.00000275  00000-0  00000+0 0  9994
2 29155   0.3649 265.4441 0005102 145.1509 157.2949  1.00270177 32338
METOP-A                 
1 29499U 06044A   15080.47934250  .00000122  00000-0  75765-4 0  9994
2 29499  98.6858 141.2740 0001892  81.0799  44.3345 14.21496645436820
FENGYUN 2D              
1 29640U 06053A   15077.97816630 -.00000223  00000-0  10000-3 0  9997
2 29640   2.9076  68.6522 0000844 116.9942  69.2602  1.00269461 30360
FENGYUN 3A              
1 32958U 08026A   15080.77919983  .00000077  00000-0  56159-4 0  9994
2 32958  98.5137 134.6872 0010125 129.1820 231.0254 14.19535992353225
FENGYUN 2E              
1 33463U 08066A   15077.96063837 -.00000355  00000-0  00000+0 0  9994
2 33463   2.4378  58.6132 0001312 133.4543  74.3787  1.00273487 22901
NOAA 19                 
1 33591U 09005A   15080.50670863  .00000243  00000-0  15764-3 0  9999
2 33591  98.9811  30.2196 0015046  59.3123 300.9529 14.11894416315128
GOES 14                 
1 35491U 09033A   15080.37641840 -.00000121  00000-0  00000+0 0  9998
2 35491   0.0734 120.5466 0000438 102.7331 346.4474  1.00272217 20998
METEOR-M 1              
1 35865U 09049A   15080.04424789 -.00000025  00000-0  76505-5 0  9997
2 35865  98.5102 123.5015 0002916  25.5934 334.5440 14.22001542285680
GOES 15                 
1 36411U 10008A   15079.55685672  .00000060  00000-0  00000+0 0  9995
2 36411   0.0307 219.9158 0002538 135.9124 247.3638  1.00281090 18503
COMS 1                  
1 36744U 10032A   15080.78613727 -.00000372  00000-0  10000-3 0  9992
2 36744   0.0441  35.0424 0000496 337.4920 217.6396  1.00270031 17488
FENGYUN 3B              
1 37214U 10059A   15080.72550814  .00000124  00000-0  80087-4 0  9992
2 37214  98.8860  34.4558 0001738  58.0751 302.0564 14.19569080226713
ELEKTRO-L 1 (GOMS 2)    
1 37344U 11001A   15080.87410858 -.00000126  00000-0  00000+0 0  9998
2 37344   0.7971  80.8509 0001760 198.3170 290.6741  1.00275231 15309
SUOMI NPP               
1 37849U 11061A   15080.83309197  .00000067  00000-0  52350-4 0  9996
2 37849  98.6914  21.7325 0001152  56.1794   0.8480 14.19569488175986
FENGYUN 2F              
1 38049U 12002A   15080.46035781 -.00000384  00000-0  10000-3 0  9997
2 38049   0.1735   7.9746 0003208 136.6955 311.7347  1.00275164 11726
METEOSAT-10 (MSG-3)     
1 38552U 12035B   15077.23716955 -.00000030  00000-0  00000+0 0  9995
2 38552   0.1501 270.8291 0000830 146.8683 202.9955  1.00267586 10017
METOP-B                 
1 38771U 12049A   15080.15066052  .00000153  00000-0  90043-4 0  9990
2 38771  98.7076 141.3213 0002168  96.0044 317.0722 14.21481201129918
FENGYUN 3C              
1 39260U 13052A   15080.75738572  .00000110  00000-0  72745-4 0  9990
2 39260  98.7377 154.1021 0001225 119.5034 240.6262 14.19541457 77265
METEOR-M 2              
1 40069U 14037A   15080.75273538  .00000031  00000-0  34833-4 0  9997
2 40069  98.7689 136.1498 0006586  60.8777 299.3051 14.20600775 36358
HIMAWARI 8              
1 40267U 14060A   15080.64122476 -.00000304  00000-0  00000+0 0  9993
2 40267   0.0296 305.0270 0001420 129.6397 115.6226  1.00272328  1693
FENGYUN 2G              
1 40367U 14090A   15080.89064749 -.00000333  00000-0  00000+0 0  9994
2 40367   2.1232 277.7997 0004494 244.3627  77.3284  1.00269381   875
