NOAA 15                 
1 25338U 98030A   21066.13641811  .00000034  00000-0  32764-4 0  9994
2 25338  98.6942  95.5187 0009863 213.4751 146.5806 14.26015948186662
DMSP 5D-3 F15 (USA 147) 
1 25991U 99067A   21066.20285218 -.00000082  00000-0 -18349-4 0  9991
2 25991  99.0061  46.0364 0010883  75.5878 295.8090 14.16460041 97642
METEOSAT-8 (MSG-1)      
1 27509U 02040B   21066.14020678  .00000121  00000-0  00000+0 0  9995
2 27509   7.1899  52.9488 0001525 319.0314 244.9617  1.00268741 67914
DMSP 5D-3 F16 (USA 172) 
1 28054U 03048A   21066.17665603 -.00000020  00000-0  12944-4 0  9990
2 28054  98.9446  50.7421 0007068 191.7912 233.3161 14.13646954897018
NOAA 18                 
1 28654U 05018A   21065.88317693  .00000100  00000-0  78500-4 0  9993
2 28654  99.0070 130.2864 0013962 207.8132 152.2294 14.12586771813964
METEOSAT-9 (MSG-2)      
1 28912U 05049B   21065.77380829  .00000001  00000-0  00000-0 0  9999
2 28912   4.9875  68.9530 0000929 273.5110 104.1960  1.00267893 55701
FORMOSAT-3 FM6          
1 29047U 06011A   21066.02971670  .00000154  00000-0  76490-4 0  9997
2 29047  71.9776 294.0403 0051140 327.1851  32.6112 14.28799390778831
FORMOSAT-3 FM1          
1 29048U 06011B   21065.77432271  .00000100  00000-0  55562-4 0  9996
2 29048  71.9663 205.1585 0045459 287.1495  72.4666 14.28759747781254
FORMOSAT-3 FM5          
1 29049U 06011C   21065.62125897  .00000060  00000-0  40068-4 0  9994
2 29049  72.0224  18.6123 0036459 310.1905  49.6041 14.28835745777013
FORMOSAT-3 FM3          
1 29050U 06011D   21066.15833065  .00000184  00000-0  48973-4 0  9998
2 29050  72.0159 136.7474 0050943 209.4987 150.3290 14.59026722794743
FORMOSAT-3 FM4          
1 29051U 06011E   21065.82497504  .00000068  00000-0  42052-4 0  9999
2 29051  72.0034 279.7462 0068884 192.5097 167.4334 14.28870785779639
FORMOSAT-3 FM2          
1 29052U 06011F   21066.08550170  .00000120  00000-0  63364-4 0  9996
2 29052  72.0369 354.2046 0042188 270.1648  89.4655 14.28977621778031
EWS-G1 (GOES 13)        
1 29155U 06018A   21065.89216056  .00000019  00000-0  00000-0 0  9998
2 29155   0.3747 275.7059 0003404 330.7385 301.1690  1.00270480 24031
METOP-A                 
1 29499U 06044A   21066.13200385  .00000003  00000-0  20668-4 0  9993
2 29499  98.4871 109.4150 0000911 123.8264 329.6180 14.21500209746201
DMSP 5D-3 F17 (USA 191) 
1 29522U 06050A   21066.14557043  .00000029  00000-0  38134-4 0  9999
2 29522  98.7906  84.4170 0010530 145.8019 214.3834 14.14039095739855
FENGYUN 3A              
1 32958U 08026A   21065.65426628  .00000010  00000-0  24638-4 0  9994
2 32958  98.4390  44.2093 0007740 301.5597  58.4823 14.18649053661893
FENGYUN 2E              
1 33463U 08066A   21065.93391198 -.00000214  00000-0  00000-0 0  9994
2 33463   4.8921  67.6203 0004970 327.7076 192.0661  1.00261390 44758
NOAA 19                 
1 33591U 09005A   21066.12012915  .00000042  00000-0  48011-4 0  9995
2 33591  99.1918  84.2492 0014774  61.7517 298.5143 14.12454506622474
GOES 14                 
1 35491U 09033A   21066.20378774 -.00000111  00000-0  00000+0 0  9993
2 35491   0.0760 150.5511 0010414  74.5255 269.0620  1.00270503 42822
METEOR-M 1              
1 35865U 09049A   21066.20858966  .00000017  00000-0  26298-4 0  9997
2 35865  98.4692  48.4536 0003076 127.8354 232.3103 14.22266183595269
DMSP 5D-3 F18 (USA 210) 
1 35951U 09057A   21066.18765597  .00000092  00000-0  71736-4 0  9996
2 35951  98.6722  53.5699 0010804 345.1193  14.9661 14.13337139587119
GOES 15                 
1 36411U 10008A   21065.67574458  .00000040  00000-0  00000-0 0  9998
2 36411   0.1711 252.4062 0003992 141.9196 245.2024  1.00267743 40342
COMS 1                  
1 36744U 10032A   21065.87049147 -.00000361  00000-0  00000-0 0  9995
2 36744   0.0198 136.9951 0000931 233.1530 236.1807  1.00273178 31750
FENGYUN 3B              
1 37214U 10059A   21066.21289783 -.00000001  00000-0  22875-4 0  9997
2 37214  99.0732  58.3642 0016072 241.3045 118.6517 14.15977875534861
SUOMI NPP               
1 37849U 11061A   21066.18395962  .00000012  00000-0  26535-4 0  9996
2 37849  98.7287   6.2686 0000740 108.2407  30.5652 14.19552661484899
FENGYUN 2F              
1 38049U 12002A   21066.10565382 -.00000372  00000-0  00000+0 0  9996
2 38049   2.6712  82.5690 0004475  23.2808 208.7380  1.00257568 33555
METEOSAT-10 (MSG-3)     
1 38552U 12035B   21065.77502959  .00000044  00000-0  00000-0 0  9990
2 38552   1.2181   0.8580 0000927  13.0179  79.2708  1.00264482 31529
METOP-B                 
1 38771U 12049A   21066.16985358 -.00000007  00000-0  16700-4 0  9998
2 38771  98.6929 127.6724 0000945  10.4784  10.7301 14.21499430439344
FENGYUN 3C              
1 39260U 13052A   21066.09046421 -.00000001  00000-0  20738-4 0  9998
2 39260  98.5139 111.4205 0011291 174.2622 185.8687 14.15860981385786
METEOR-M 2              
1 40069U 14037A   21066.03199574 -.00000019  00000-0  10349-4 0  9999
2 40069  98.4733  99.2150 0004672 231.8610 128.2150 14.20681806345491
HIMAWARI-8              
1 40267U 14060A   21065.87293407 -.00000293  00000-0  00000-0 0  9999
2 40267   0.0420 187.2587 0000904 205.9463 226.4940  1.00270448 23421
FENGYUN 2G              
1 40367U 14090A   21065.93652906 -.00000317  00000-0  00000-0 0  9990
2 40367   0.7792  93.0789 0003235 313.0088 195.4360  1.00263423 22709
METEOSAT-11 (MSG-4)     
1 40732U 15034A   21065.91663927 -.00000024  00000-0  00000-0 0  9993
2 40732   0.2270 250.0196 0000561  24.7161 219.7044  1.00270045 20700
ELEKTRO-L 2             
1 41105U 15074A   21065.24840925 -.00000131  00000-0  00000-0 0  9992
2 41105   1.8285  93.8174 0001147 163.9625 341.2923  1.00270412 19173
HIMAWARI-9              
1 41836U 16064A   21066.14598176 -.00000292  00000-0  00000+0 0  9998
2 41836   0.0167 186.3212 0000808 194.1678 337.8747  1.00273449 15974
GOES 16                 
1 41866U 16071A   21066.18102698 -.00000266  00000-0  00000+0 0  9994
2 41866   0.0570 300.4102 0001536  79.5249 135.1224  1.00271868 15771
FENGYUN 4A              
1 41882U 16077A   21065.93748866 -.00000346  00000-0  00000-0 0  9993
2 41882   0.1515  90.9213 0004310 340.9127 175.0563  1.00264933 15646
CYGFM05                 
1 41884U 16078A   21066.13468862  .00000661  00000-0  36293-4 0  9990
2 41884  34.9556 227.9699 0016315 234.3290 125.5903 15.14909959233951
CYGFM04                 
1 41885U 16078B   21065.81804471  .00000696  00000-0  37626-4 0  9994
2 41885  34.9487 221.7062 0014768 243.7374 116.1819 15.15416686233883
CYGFM02                 
1 41886U 16078C   21065.81132367  .00000714  00000-0  38519-4 0  9996
2 41886  34.9579 223.6679 0015493 239.2012 120.7175 15.15416074233940
CYGFM01                 
1 41887U 16078D   21066.13663398  .00000655  00000-0  36160-4 0  9990
2 41887  34.9524 229.5109 0016783 234.4816 125.4330 15.14704199233937
CYGFM08                 
1 41888U 16078E   21066.12191866  .00000667  00000-0  36384-4 0  9997
2 41888  34.9495 224.2784 0016021 242.5977 117.3105 15.15119845233983
CYGFM06                 
1 41889U 16078F   21066.12059199  .00000688  00000-0  37204-4 0  9995
2 41889  34.9574 220.4376 0014453 241.8481 118.0771 15.15407060234028
CYGFM07                 
1 41890U 16078G   21065.83567219  .00000668  00000-0  36162-4 0  9991
2 41890  34.9511 221.1826 0014246 242.9012 117.0246 15.15405323233903
CYGFM03                 
1 41891U 16078H   21065.76659373  .00000675  00000-0  36589-4 0  9998
2 41891  34.9544 221.9427 0013728 240.9714 118.9622 15.15391624233889
FENGYUN 3D              
1 43010U 17072A   21066.09654006  .00000004  00000-0  22999-4 0  9999
2 43010  98.7792   8.7904 0002470  61.4121 298.7315 14.19762351171461
NOAA 20                 
1 43013U 17073A   21066.12178935  .00000002  00000-0  21623-4 0  9990
2 43013  98.7453   6.3255 0000944  71.6503 288.4775 14.19552133170923
GOES 17                 
1 43226U 18022A   21065.67382538  .00000081  00000-0  00000-0 0  9995
2 43226   0.0701 292.3749 0000733 110.2181 227.3551  1.00272041 11071
FENGYUN 2H              
1 43491U 18050A   21065.37063154 -.00000140  00000-0  00000-0 0  9994
2 43491   0.0873 210.4931 0002639 264.4752 261.7459  1.00268097 10177
METOP-C                 
1 43689U 18087A   21066.13292595 -.00000006  00000-0  17096-4 0  9999
2 43689  98.6999 128.0635 0001646 335.5428  24.5671 14.21492778120917
GEO-KOMPSAT-2A          
1 43823U 18100A   21065.87049147 -.00000361  00000-0  00000-0 0  9995
2 43823   0.0468 317.6204 0001738 352.6972 296.0980  1.00271763  8285
IOD-1 GEMS              
1 44385U 98067QK  21066.14981199  .00242650  00000-0  84253-3 0  9995
2 44385  51.6329  74.8095 0003206  50.5279 309.6009 15.88211297 95717
METEOR-M2 2             
1 44387U 19038A   21066.07423918 -.00000036  00000-0  35008-5 0  9997
2 44387  98.6572  27.4044 0001449 141.0572 219.0715 14.23685835 86907
